0 139 1198 113
1 459 813 307 329
2 358 51 92 1034 63 117 387 355
3 731
4 150 753 51 110
5 48 534 413
6 697 175 867
7 780 20 56 1443 291 88 23
8 239 1151 241 30 139 361 485
9 233 275 314 1176 278 173 781
10 1119 491 75 59 48 778 757 321 947
11 668 357 158 146 776 452 231
12 528 93 431 923
13 50 56 668 1226 229
14 293 180 11 14 333 497 105 453 153 833 232 276 1228 1074 383
15 580 465
16 405 567 424 267 225 28 767 83 45 7
17 389 764 758 55 590 113 399 1073 219
18 601 14 337 288 544 1171 35 494 77 1016 441 828 676 852 81
19 864 790 642 534 392 61
20 1385 76 59
21 37 447 1407 183 176 366 209 654 169
22 76 733 440 244 965 1349 22 137 35 117 320 408
23 347 561 521 225 113 2 900 121 602
24 433 49 1164 540
25 135 181 95 368 837 527 74
26 9 781 251
27 876 23 1175 432
28 331
29 217 390 629 81 309 350 982 571 233
30 239
31 480 90 81 21 218
32 231 209
33 86 16
34 872 1261 1225 944 695 148 420 343 1405 487 860 274 197 1366
35 719
36 549 1240 944 1159 183 350 48 1234 328 1016 403 1054 520 814 50 325
37 165 1491 496 500 488 2 1475 31 309 311 485 499 385
38 49 660 856 1108 571 355
39 325 594
40 256 423 957 873 190 386 314 1031 141 249 470 101
41 266 42
42 52 178 834 480 530 22
43 608
44 392 124 456 1215 24
45 654 643 96 52 1116
46 329 47 373 111 861 435 571 24 181
47 209 99 160
48 388 695
49 1167
50 660 117 156
51 240 472 82 359 537 385 1108 517 107 870 229 172
52 240 199 311 75 320
53 764 219 778 75 743 913 652
54 98 1061 693 561 146 552
55 209 873 611 497
56 614 25
57 31 1129 678 33 1486 833 521 1019 734 75 42 156 23 214 693 374 327 1116 267 142
58 828 33
59 4 754 537 581 801 1378 342
60 134 94 1427 445
61 434 406 259 360
62 188 124 299 410 220 254
63 52 8 15
64 315 623 198 471 13 305 298 125 244 360 590 228
65 420
66 6 274 335 357 1095
67 210 587 52 81 209 453 323 203 689 621 74 298
68 75
69 1036 36 632 79 717 49 176 895 1531 297 123 740
70 324 4 305 704 801 173
71 580 778 245 1269 71 649
72 101 668
73 862 21
74 1196 794 365 88 479 417 306 83 24 298 324 1254 684
75 959 675 513 886 469 190 195 594 308 749
76 269 139 311
77 122 251
78 94 707
79 599 584 184 275 389 787 1287 526 175
80 317 297 758 1006
81 665 23 405 100
82 78 615 144 156 320 318 472 694 119
83 427 267
84 156 288 377 354 931 155
85 94 302 259
86 59 830 1530 926
87 665 355 221 168 772
88 109 693
89 352 337 735 324 136 746 293 499 968 181 492 977
90 171 546 479 99 309 571
91 189 55 861 413 103
92 7 153 842 513
93 92 33
94 547 242 572 538 881 157
95 491 231 716 340 338
96 1098 348 547 490 176 357
97 464 154 335 8 0 506 102
98 364 20 336
99 469 785 513 359 291 2 657 716 1247 226
100 361 492
101 232 514 45 56 389 85 239 225 93
102 23 278 297 203
103 124 107 382
104 510 464 226 501 215 1338 548
105 251
106 76
107 300
108 950
109 808 48 317 518 388 612 829 77 240 986
110 293 145 236 514 55 1173
111 942
112 484 76
113 220 98 297 46 550 133 276 316 184
114 387 156 114 16
115 155 944 960 614 472 59 216 1104 291 1260 100
116 17 858 781 758 174 1019 172
117 547 149 221 668 390 82 1190 277 95
118 56 13 76 75 142 529
119 380 280 209 103
120 981 95 289 355 1022 1016 644
121 638 371 23
122 156 676
123 443 169
124 240 882
125 242 1093 204 1020 525 945
126 172 335 50 1077 762
127 247 173
128 485 802 28 277 77 403 33 503 694 260
129 357 305
130 124 356 471 197 345
131 652 456 124
132 40 855 1159 1189 57
133 325
134 824
135 360 256 158 385
136 873 665 512
137 749 21 134 216 374 514
138 35 49 535 460
139 623 1056 35 567
140 85 360
141 960 261
142 352 557 465 65
143 72 145 873 498 114 49
144 144 372 94 138
145 251 27
146 117 30 277
147 24
148 104 592
149 94 136
150 512 182 87 111 247 408
151 585
152 540 1114 411 180 247
153 30 229 357 173 862
154 851
155 294 561
156 254 220 181
157 1223 215 692 808 670
158 147 65
159 959
160 762 40
161 1016 100 7 91 502 599 231 582
162 129 0
163 814
164 59 269 573
165 502 647
166 29 862 404 48
167 261
168 1114 291 168 221 395 59 851
169 751
170 652
171 51
172 288 873 960 497
173 565 935
174 1367 357 800 112 413 223
175 474 622 181 111
176 274
177 12 321
178 647 390 230 67
179 218 256 335 366
180 113 434 777 676 425 100 437
181 321 307 113 226 76 308
182 30 109
183 605 66 440 299 30
184 413 403 267
185 117 169 48
186 930 113
187 103 662
188 39
189 289
190 356 311
191 1023 1621 275 1189 1120
192 317 107
193 607 293 113 990 13
194 423 52 1058
195 278 306
196 59
197 76
198 719
199 364 23
200 289
201 525 389 28 177
202 3 97
203 119
204 216 227 357 703 1236 465 1134 675
205 740 289 156
206 961 102 465 16
207 1036 356 651
208 23 534
209 269 278 861
210 336
211 280
212 152
213 858 48 31
214 622 48
215 863
216 1519
217 822 1114
218 1480
219 94 343
220 471 989
221 595
222 22 445 67
223 196 790 274 221
224 357 561
225 32 784 821 240 74 337 633 557 753
226 529
227 649
228 491 48
229 265
230 497 139
231 132
232 1179 228 1189 899
233 186
234 289
235 571 695
236 758 188
237 172 176 135 1182
238 330 735 1023
239 357
240 143
241 11 527 1036
242 76 15 273
243 568
244 48 651
245 672 1023 309
246 438 665
247 862
248 275 389 90 480 67 375 202 288
249 351
250 209
251 1120 568
252 243 76
253 996 165
254 294 389 550 1241 697 1090 351
255 111 173
256 251
257 138
258 156
259 222 138
260 101
261 1123 176
262 129 719
263 734 89 832
264 862 593 937 434 549 10 195 745
265 661 623
266 1202 129
267 497
268 511
269 0 959
270 595 188
271 1022
272 547
273 39
274 47
275 205
276 42
277 339
278 288 3
279 99
280 243 165
281 140 367 256
282 570 107
283 730 217 993
284 11
285 32 85 356 239 557 783
286 207 190
287 357
288 174
289 119
290 207
291 731
292 404
293 207
294 9
295 109 753 488 767
296 695
297 280 751
298 94
299 890
300 216 274 124
301 514
302 230 275
303 303
304 178 647
305 346 713
306 376
307 42
308 618 842 8 492 862
309 96 869 742 2 1408
310 936 75 191 35 496 190
311 518 471 267 382 546 112 528 42 502
312 253 161
313 755 423 585 561 1107 431 297 261 973
314 33 492
315 178 88 86 139 357
316 287
317 287 979 190
318 181 490 556 801 758 458
319 277 203
320 339
321 289
322 115
323 404
324 652
325 623 700 72 107 751 772 511 862 920 27
326 491
327 205 71
328 288
329 510 365 873 95
330 143
331 220 28
332 94 815 599
333 98 1056 496 57 202 479 936 81
334 289
335 107 208 1031 809 240 355
336 622 23
337 578
338 420
339 24 254 472 400 179 379 753 139
340 140 781 1114 719 256 767
341 455 289 116 323 16 357 280
342 288 928 1008 646 140 425
343 904 267 531 6 382 9
344 842
345 217
346 565 387
347 370 298
348 818 405 132 44 55 35 950
349 881 252
350 389 887
351 0 501
352 243 111 302 496
353 500 244 471 1022 303 433 742 85 5 152
354 380
355 115
356 76 209 487
357 420
358 367 506 155 527
359 1116 985
360 289 181
361 1223 41
362 883 43
363 139 320
364 1048 443 64 51 221 271 557
365 274 729 561
366 511 51 96 56 25 543 324 356 164
367 394 1004
368 364
369 56 23 473 438 765 574 74 189 175 78 16 865
370 602
371 554
372 211
373 209
374 1164 31 960 55 153 271
375 503 256 751 190 338
376 1515 48 107 288
377 165 1001 95 356 157 1110 394 199 285
378 1346 350
379 193 305 31 92 401 111 323 240 226 575
380 331
381 1023
382 364 886
383 96
384 401 4 694 784 230 817 527 982 173
385 599 4 329
386 355
387 51 123 948 226 240 116 435 408 368 616 890 146 39 286
388 681 160 454 568
389 235
390 256 403 171 656 69
391 569 356 244 94
392 145 81 618 253 506 513
393 719 197 766 160
394 1162 196 139 855 113 623 479 145 1049 63
395 280 502
396 174 0 552 232 989
397 119 247 1069
398 609
399 160 347
400 3
401 119 96
402 992 879 92 1648 206 458 994 1260 532 1645 433 367 528 910 1141 678 1111 616 100 738 1073 1180 937
403 289
404 264 562 289 552 537 8 936 31 65 440 98
405 923 173 888 85 435 135 479
406 694 517 914 117 115 436 587
407 94 280
408 57 47
409 537 660 119 551 1210 50 510 32 1114 291 781 1038 769 116 841
410 715
411 97
412 1546 431
413 117 523 510 832 549 569 345 25 758 135 421
414 613 242
415 960 114
416 960 943 112
417 361 42 635 5 1167 1582 217
418 88
419 1271
420 214 666
421 199 479 111 418 90 529 947 822 211 1282 177 86 209
422 214 985
423 1015
424 39
425 186 824
426 644 72
427 231 4
428 141 437 9 585 576 135 731 81 1094 364 972 271
429 116 652
430 4 537 694
431 59 552 862 576 794
432 655 147
433 552 904
434 225 1338 568 60 509 171 290 80
435 302
436 1167
437 469 199 40 138 101
438 114 207
439 62 95 534 1119 23
440 401 100 202 406 209
441 262 574 1294
442 15 1128 165 8 1478 630 313 471 423 30 149 203 453 309 706 842 746
443 751 960
444 29
445 713 928 420
446 101 104 690 589 1238 309 1346
447 452 949 356 629 129 82 965 174
448 7 1077 629 554 783
449 960
450 320 52 577 31 509 856
451 380
452 842 59
453 948 256 647 254 730 862 72 130 216
454 307 37 95 220 4 378 242
455 176 403 487 682 88 179
456 76
457 846 872 336 816
458 147 9 873
459 945
460 364 695
461 969 299 30 401 735
462 81 24 216
463 685 158 529 442 629 309 609 278
464 87 355 4
465 88 668 825 355
466 363
467 965 110 387 208 561 480 509 795 471 240
468 241 239
469 491 50
470 192 307 59
471 1359 21 59 63
472 88 722
473 127 138
474 401 1285
475 1167
476 936 111 329 482 59 317 309
477 82 613 347 841 456
478 59 1293 371 274 1119 863
479 464 351 100 1009 53 350 145
480 174
481 321 273
482 124 657
483 822 43 646 216 28
484 1206 51
485 491 404 170 143
486 21 23
487 733 465 965 117
488 240 48
489 837 465 852 232 354 878 816
490 633 176
491 604 53 94 178 1070 221 742 861 652
492 360 113 97 156 52
493 502 460 822 171 20
494 320 70 629 178
495 665
496 908 231 196 747 95 745 644
497 668 280
498 243 1546 23 942 512
499 1408 1349 984 274 316 1324 657 357
500 253 718 339 200
501 253 94 384 111 794 49 156 702
502 459
503 511 335
504 288 197 556 30 822 25
505 571 190 197
506 274
507 1042 360
508 156
509 156
510 357
511 514 389 562
512 166 22 400
513 860
514 354
515 289
516 913 56 90 25 211 469 454 291 136 367
517 719 490 392
518 652 452
519 644 528 56 755 25
520 511
521 995 138
522 1605 1189
523 244 608 456 1018 167 536 1370 27 181
524 669 153
525 261
526 944 265
527 306 158
528 687 1071 562 117 87
529 839
530 465 75 633 528 118 101 228 590
531 160 569 383 290 133 62 462
532 221 1090 948 277 476
533 1116 652 97
534 0 55 77 665 519 276 454 635 184 457 449 59 687 273 65
535 180 102 626
536 51 704 832 310
537 100 30 156
538 99 366 91 206 7
539 134 311 317 768 1092
540 207 1180
541 251
542 276 22 915 389 113 320
543 446 149 1076 858 94
544 94 60
545 454
546 165 140 783 390 669 456 476 591 743 1016
547 3
548 982 88 356
549 16 413 157
550 47 252
551 834 254 302 209
552 94 59
553 359 220
554 107 188 57
555 138 1076 199
556 314 171 692 206 1428 340 23 512 538 437 8
557 1077
558 500 690 15 506 260
559 101 9
560 132
561 51
562 702 508
563 128 76
564 531
565 155 29 693 355 90
566 97 751 0
567 273 203 145
568 497 873
569 846 256 211 247 434 521
570 59 377 230
571 346 116
572 105 371
573 502
574 35
575 56
576 685 155 79 633 220 308 355
577 289 353 1257
578 56 568 207
579 324 192 28 456 60
580 1053 1334 482
581 267 614
582 131 1178 733
583 355
584 809 480 37 209 336 99 597 77 977 378 1354
585 209 48
586 355 722
587 227 257 659 116 532
588 431
589 432
590 346
591 172 175
592 268 59
593 57
594 102 1084
595 116
596 389 28 124 231 59
597 94
598 994 296 229
599 311 491 872
600 229 347
601 360 614 123
602 970 30 416 1196 537 359 748 33
603 28 31 593 404 108
604 100 109
605 361 283 23
606 497 214
607 634 1244 1491 527
608 31 134 356 504 194 206 307
609 180 1077
610 512
611 517 88 240 15
612 1166 630
613 668 309 832 433
614 98
615 350 589 353
616 129
617 321 363 368 152 799 229 211
618 960 200 1019 985 154 139
619 149
620 682 62 174 719 490
621 1034
622 437 861 254 48 504 754
623 256 561
624 321
625 702 573 433 295
626 399 318 440 59
627 155 942
628 195 390 111 442
629 213
630 1259 420 147 608 195
631 65 104 70 1145 610
632 502 188 387 111
633 146 998 299 175 424 366 1019 332 1104 216
634 280 228 331 427
635 84 46 872 527
636 360
637 75 155 784 734 87 241 256
638 183
639 75 403
640 174
641 339 652
642 129
643 1453 649 239 51
644 22 852 340 966 164 347 1190 321 1040
645 238 200
646 155 85 56 173 147 655 307 134 875 528
647 491
648 890 139 94 647 226
649 157 191 155 698 458 23 79 235 764
650 564 733 567 1407 629 35 672 235 1154 599 870 1477 22 44 470 942 1010 315 725 298 263
651 350
652 9 753 262
653 681
654 81 217 307 181 622 256 95
655 454 697 66 583 888 1168
656 94 261
657 880 668 647 325 245
658 729 694 390 416 895
659 652
660 387 476 355 682 781
661 48 190 561 405 629 1046 5 74
662 153 367 39 65
663 357
664 1071 273
665 207 92
666 1023 935
667 59 666
668 452 403 196 13
669 367 254 355
670 99 289 1098
671 364 872
672 318
673 668 1121
674 180 154 445 614 953 447 195 947 161 159 60 426
675 367 289
676 72 423 307
677 213
678 216 115 433
679 389
680 176
681 188 1210
682 150 28 171 623
683 156 446
684 30 146 28
685 229 51 307 476 357
686 691
687 0 511 873 205
688 57 98 124 113
689 238 30
690 199 1115 318 496 136
691 506 55
692 309 69 145 82
693 630
694 251 873 97 102 781
695 390 1028 35
696 35 260 1022 697 851 1528 123 590
697 56
698 174
699 719 751
700 736
701 781 1106 956 1190
702 499 651 749 190 629
703 12 389 1171 816 309 345 1016
704 480 357 232
705 190 142 1295 316 889
706 96 133 24 12 138
707 1343
708 135 23 723 155 440 101 896 683 406
709 114
710 85
711 652 239
712 75
713 357 92 39 497 860 1023
714 209 305
715 180 704 305
716 890 652
717 103
718 298 139
719 641 252 84
720 506 577 796 226 253 328 928 704 437 85
721 59
722 119
723 842
724 174
725 302
726 119
727 76 174
728 471 329 309 11 87
729 1285
730 98 203
731 138 552
732 251 491
733 406
734 390
735 977 1416 406 1069
736 454 256
737 376
738 502 88
739 317 939 299 1641 260 398 239 83 136
740 367
741 160 436
742 614 98 306 817 61 288 191 725 470 160
743 860 239 568 190
744 157 146
745 256 238 240
746 289
747 594 149 231 629
748 216 498 33 749 357 82
749 62 345 196 226
750 589 155 229 196 719
751 47 1131 129
752 242 1113 367 155 102 48 1020 21 291 555 1453
753 39
754 355
755 242
756 140
757 50 100
758 100 367 965 48
759 203 228 311 864
760 185 214
761 467
762 289 223
763 276 82 88
764 393 135
765 157 261 115 549 832
766 85
767 268
768 357 678 657 81 1020 753
769 217 750 240 135 267 438 190
770 1203 247
771 194 10
772 657 59
773 23
774 124 153 329 460
775 65 205
776 552 11
777 1320 28
778 1192 376 129 1559 1261 995 1653
779 48 347 480 1076
780 491 681
781 331 648
782 77 829 506 180 615 513 187 253
783 357
784 934 1023 138 458 54 368 421
785 744 1103
786 280
787 367
788 23 22
789 48 4
790 544 149 374 465 51 646 367 543 485 783 635
791 6 5 367 364 568
792 59 371
793 738 14 264 20 727 841 396 1205
794 88
795 0 174 1005
796 39
797 12 117 256 211 550 264 1270 540 435 79
798 755
799 608
800 278 873
801 568
802 710 339 56 403 92 677 523 101 368
803 5 13 823 888 337
804 993 403 377 1032 1128 193 781
805 97
806 881
807 608
808 231 795 488 256 134 729
809 403 497
810 387 99
811 681
812 527 513
813 280
814 121 433 355 4 383 235
815 9 265 62 59 174
816 94
817 432 695
818 156
819 261 1028 561 32
820 64 249 94 539
821 392 247 174
822 39
823 719 269 59 29
824 331
825 117 94 244 1016
826 550 124 22 408 623 828 678 269
827 165 571
828 1166
829 9 359 600
830 1613 209
831 136 905 754 535 866 460
832 174
833 944
834 11 433 492
835 1026 753 340 215 1007 513 134
836 102 94
837 35 435 777 81 77 360 506 0 1348 330 145 199 188
838 38 336
839 666
840 0
841 432 698 180 459 849
842 25 433 190 528 51
843 309
844 23 102
845 10 719 355 507 502 226 140
846 152
847 317 1013 443 399 82 85 364
848 367 94
849 274
850 39 1421
851 767
852 50
853 255
854 719
855 487 94
856 174 98 537 499 302
857 143
858 280
859 1563 1548 156 183
860 216 511 447
861 156
862 60 709 556 147 981 280 552 472 25
863 768 139
864 342 43 474 149 378 834 403
865 229 347 538
866 94 568
867 1004 366 485 163 1059 2 926 291 47
868 1341 567 997 103
869 311 342 361
870 408
871 164 647 130
872 129
873 574 355 749
874 156
875 7 212 366 308 10 894 801 85 311 621 1598 706
876 239 158 66 600
877 695 59
878 23 831 523 100 85 161 361 329
879 445
880 332 633 27 208 291 1114 1056 801 640
881 307 434 249 144 423
882 57 224
883 67 163 226 208 307 359 216 1349
884 199 111 1167 557
885 81 147 1097 801 35 278 1108 277 482 188
886 665
887 538 920 433 428 373 1009 698
888 23 98 465 244
889 707 613
890 318 1143 613 56 346 816
891 1039 1175
892 150 534 72 27 403 1155 908 782
893 629 368 80 77 0 698 100 218 160 275 431
894 367 399 180 102 150 368
895 283 888 33 456
896 357 176 657 120 389
897 383 230 682 388 971
898 276 718
899 716 566 675 355 751
900 501 209
901 138 124
902 568
903 899
904 862 781
905 307 859
906 35 199 216
907 453 843 745 333 309 913 260 900 613 787
908 1072 221 87
909 33 100
910 374
911 1071 239 702 99
912 1143 899 93 668 131 416 329
913 177 155 94 841
914 403 706
915 431 340 511 179
916 839
917 938 431 693 206
918 76 836 890
919 30
920 774 22 209 13
921 342 652 938
922 124 864
923 147 609
924 203 360
925 502 294 592 803 834 31 738 238
926 460
927 784 492 611 9 303 178
928 406 549 504 57 471 403
929 96 23
930 577 86 246 51
931 0 102 423 888
932 177
933 331
934 754 77 511
935 443 289
936 59
937 16 971 145 199 403 61
938 1067 11
939 1366 123 489 58 1206
940 239 387
941 652
942 156
