0 1152 895 1104 543 309 9 925 746 516 446
1 893 367 328 253 618 359 561 555 178 373 81 46 474
2 633 749 157 233 479 734 587 667 227 320 423 48 11 117 643 202 649 216 818 63 240 571 123 340
3 143 97
4 822 552 5 112 119 280 256 102 289 53 464 293 94
5 614 789 110 1123 496 190 256 355 100 490
6 98 288 479 99 547 46 351 928 101 30
7 649 346 245 209 278 188 116 730 155 915 942 351 373 367 32 42 638 183 52 1428 321 216 297
8 297 56 406 207 1167 165 100 541 243 241 547 61 236 691 561 221 173 190 687 247 538
9 657 253 400 202 477 76 1143 260 97 690 302 123 1108 293 337 437 4 526 323 297 139 394 296 309
10 132 204 512 1138 91 337 1268 678 554 344 216 842 1119 247 46 1058 336 92 972 139 165 226 205 786 331 178 276 399 254
11 456 861 309 480 919 204 776 465 195 75 23 695 822 240 160 153 549 177 289 5 364 180
12 99 447 87 431 112 1016 612 221 250 200 695 16 480 264
13 13 375 289 156 595 400 19 604 190 15 719 668 431 557
14 502 157 1023 59 705 206 1086 1172 280 49 557 359 600 459 1136 53 92 182 93 507 247 79 125 1112 149 530 475 309 218 1224 437 947 797 305 197 77 196 510 840 10 645 254 32 616 233 1165 935 986 652
15 987 580 1171 163 254 262
16 134 92 78 660 628 7 1241 725 1003 458 834 787 474 251 137 117 139 561 85 90 432 1112 479 4 374 315 56 349 529 313 730
17 416 516 742 189 472 232 864 204 211 424 684 363 113 309 171 544 121 135 1259 160 664 1049 60 526 433 809 1070 452 166 549
18 595 218 28 708 489 475 896 1072 1410 109 584 887 970 345 99 51 203 92 418 1024 59 333 339 530 82 514 556 406 206 1338 61 173 1241 262 104 37 184 102 705 87 1088 32 789 134 1179 625 463 1014
19 268 1246 452 554 931 408 392 259 228 86 229 706 289 630 91 99 431 180
20 35 1242 693 1423 1026 389 64
21 914 1066 124 557 611 802 817 98 1001 330 178 329 63 180 93 721 16 257 356 549 556 695 377 152 70 363 808 612
22 691 556 692 35 861 498 88 67 250 856 220 59 61 87 531 285 202 529 74 293 399 920 1028 939 297 476 599 23 240 740 780 111 730 1056 795 887 454 447 225 704
23 283 123 758 433 549 63 253 247 335 32 49 221 165 100 76 193 111 313 803 80 360 24 209 249 112 16 471 254
24 799 293 368 28 1432 583 10 339 211 526 159 668
25 1266 978 437 757 476 549 261 527 581 140 1005 753 852 42 900 433 155 57 153 618 25 0
26 155 932 403 1206 48 77 935 44 380 27
27 428 72 59 514 740 294 427 367 188 241 534 505
28 873 739 648
29 1077 364 580 864 506 157 87 799 368 2 178 1008 57 181 78 190 145 269 65 369 540 188 99 60 155 491 758 284
30 160 544 476
31 143 254 241 531 320 435 525 425 165 529 21 456 4 1119 99
32 649 721 117 354 256 37 49
33 139 96 427 85 86
34 1381 613 332 1170 788 132 85 245 1096 11 116 594 130 445 38 1405 213 768 125 862 643 195 1549 1392 1077 605 924 1197 1132 814 627 1362 934 762 371 452 265 566 228 407 871 376 1652 490
35 0 59 404
36 452 96 769 1320 111 297 273 492 100 1076 290 1068 474 183 135 143 554 556 808 382 499 1016 635 3 62 926 564 1179 359 328 276 539 984 500 242 43 685 1021 444 577 219 438 1191 656 869 117 313 235 621 103 799 366
37 228 225 91 338 458 518 271 473 150 818 1491 691 841 436 359 254 53 315 303 278 589 831 313 94 235 739 986 462 421 643 583 795 153 69 76 919 326 368 784 465 367
38 357 408 216 687 431 660 361 622 113 384 330 694 905 550 600 501 4 100 896
39 652 404 497 594 491
40 88 864 518 40 1027 253 665 250 462 1223 8 657 188 1323 249 1105 676 1246 269 35 0 59 413 244 231 247 991 341 423 496 171 401 588 1016 153 876 973 589 146
41 1006 174 462 183 499 751 29
42 758 370 95 1026 862 435 576 557 180 361 583 174 253 849 200 1092 102 613 706 59
43 346 676
44 413 88 613 1357 209 93 873 173 56 1006 861 506 288 174 652 30
45 434 651 242 82 48 329 855 51 22 325 190 247 355 228
46 778 176 629 390 554 322 1023 333 369 862 97 652 480 33 347 423 452 120 152 484 499 143 751 86 88 112 944 310
47 408 330 160 249 552 364 152 195
48 85 695 600 340 172 76
49 824 928 156
50 179 905 273 329 134 364 258 307
51 56 297 498 385 320 92 1233 859 82 238 1178 253 284 1052 228 569 982 496 311 55 7 15 682 272 99 581 4 264 1079 884 62 525 83 583 513 475 202 801 349
52 199 91 356 1067 750 247 48 67 260 401 445 547 172 587
53 135 947 1092 817 33 204 54 100 530 350 945 652 104 91 504 357 862 260 1077 24 1212
54 56 970 735 190 336 171 99 345 616 445 203 218 11 253 1061 465 559 76 705
55 155 531 497 371 181 252 152 351 135 601 56 179 173
56 100 347 25 30 278
57 822 866 215 357 369 678 549 342 335 762 1195 592 349 868 1016 438 598 505 1042 863 15 55 150 31 1173 777 60 537 960 838 621 886 494 979 1164 655 365 219 950 422 293 70 424 30 108 980 828 1209 329 604 876 488 725 491 734 275 229 436 1021 291 303 192 278 480
58 329 599 82 216 403
59 102 238 818 289 107 75 98 28 232 134 1646 389 488 1005 423 247 345 30 692 319 1028
60 1036 808 382 155 357 906 525 336 98 274 614
61 130 259 594 416 321 455 647 1548 348 265 361
62 182 173 52 1478 750 28 150 357 822 506 344 936 288 546 56 67 648 235 389
63 333 321 669 670 226 465 782 281
64 889 231 862 752 557 789 669 278 194 544 253 171 333 347 532 159 472 178 726 57 1054 628 165 401 288 334 30 783 657 308 321 869 52 826 10 577 1104 935 695
65 652 47 594
66 387 357 232 253 572 936 919 458 1348 583 437 136 13 544 220 313
67 46 50 942 267 763 183 298 730 474 5 235 76 227 369 178 1056 338 698 107 202 240 855 1467 618 221 53 607 552 873 307 101 337 1175 923 591 325 445 345 120
68 71 253 573
69 1048 280 382 169 787 82 973 348 628 552 158 656 208 121 1092 148 826 328 221 167 31 200 122 87 354 526 607 188 390 246 783 123 652 862 900 239 1164 954 684
70 357 5 337 324 998 476 794 329 78 801 386 188 190 53 55 256 685 148 145
71 1269 581 197 760 602 462 244 861 165 467 298 400 497 473 567 889 257 138
72 101 188 317 339 84 181
73 452 471 4 862 102
74 1039 392 425 4 1378 251 147 31 187 516 329 806 221 347 1457 43 698 180 1574 1165 1490 373 911 87 113 1141 70 94 75 290 372 450 746 21 496 856 179 1040 25 88 500 196 20 787
75 960 757 716 749 48 167 553 315 155 252 1223 800 930 237 931 1011 253 1328 737 528 579 801 233 183 1004 36 139 280 159 527 474 297
76 883 52 777 892 94 617 11 394
77 251 59 814 153 155 74
78 305 707 72 157
79 351 185 226 867 677 1233 260 492 623 697 948 1105 365 221 567 681 442 249 859 30 93 155 502 910 55 687 818 603 1142 574
80 337 357 209 190 783 293 102 333 529 67 355 181 595
81 100 222 816 731 331 427 76 77 735 340 283 544 755
82 211 530 1034 171 165 271 229 329 754 485 409 65 160 835 144 360 874 465 71 117 28 590 199 155 405 551 203 54
83 209 862 643 9 22
84 338 431 496 900 1182 849 11 1077 174 111 156 298 120 405 45 315 696 635
85 350 67 339 22 180 48 400
86 1019 227 727 801 280 47 1092 468 953 219 743 156 764 229
87 347 29 247 807 403 682 288 82 72 822 138 593 235 31 367 567
88 342 107 254 93 179
89 161 710 734 13 125 1019 726 719 750 5 935 462 552 816 9 242 267 614 1159 437 26 622 1223 535 195 188 289 887 116 528 293 6 229 153 164 219 30 968 649 837
90 181 479 600 202 403 623 169 76 1024 69 92 185 283 867 1143 693 22 132 110
91 9 834 452 110 83 97 94 65 134 329 190 513 864 52 203
92 600 1107 1539 377 85 43 992 373 290 1047 413 107
93 111 329 165 320 20 4
94 781 273 288 556 252 188 45 175 776 436 275 329 836 541 195 823 240
95 23 160 100 716 134 610 424 216 141 310 28 109 498 473 513 774
96 55 318 138 67 875 836 195 1076 348 139 491 374 587 1054 607 614 54 121
97 51 695 190 318 72 726 14 1180 48 251 438 537 656 374 24 88 289 191 588 232 74 320
98 11 306 110 239 406 652 203
99 1079 777 753 2 432 159 683 15 169 674 95 676 473 204 359 1213 62 700 57 392 1016 1005 1108 423 176 751 358 7 586 1258 936 831 1092
100 24 114 241 452 94
101 1360 340 1250 694 44 571 1108 449 321 42 98 923 852 49 302 622 1006 404 544 389 8 856 85 657 117 95 586 56 457
102 703 140 432 87 355 289 24 23 801 350 389 442 200
103 510 152 65 88 502 124 94 400
104 960 1049 413 1264 361 87 1426 82 734 139 819 877 187 234 492 328 707 355 778 863 210 478
105 223 289 42
106 135 156 195 355
107 884 611 401
108 156 719
109 329 518 752 321 363 456 256 293 229 1023 141 29 357 669 665 124 51 685 81 861 310 135 0 196 399 768 717 21 820 345 280 355 1016
110 656 1165 1040 354 113 651 1173 215 13 9 65 635 573 817 153 663 1113 539
111 275 390 76
112 289 86 152 177
113 155 683 7 1020 347 341 896 216 240 63 428 1509 540 812 8 110 549 366 65 435 91 32 30 503 377 302 337 508
114 427 119 261 197 325 51 242 350 578 203 577
115 984 661 176 1113 534 846 72 1040 233 240 298 355 399 565 111 444 229 656 314 317 206 732 971 217 552 647 768 530 826 191 311 877 1421 746 1277 886
116 293 409 298 826 228 142 438 773 757 253 125 506 189 1225 364 862 291 1019 660 81 536
117 33 236 491 547 1279 139 250 1059 521 138 82 307 403 263 45 156 598 863 85 984 190 171 99 303 546 557 567 218
118 274 1054 123 181 832 764 978 433 1016 369 145 51 152 291 277 403 22 547 347
119 403 132 156 652 174 343 380 24 432 209 360
120 220 1029 202 630 250 401 1167 195 1091 432 431 492 570 254 106 140 856 139 231 178 725 566 52
121 695 92 960 62 57 46 371 247 408 357
122 67 135 403 85 25 657
123 190 649 540 423 273 630
124 1114 30 882 321 781 144 973
125 1048 731 889 409 258 610 105 619 231 310 54 467 438 197 371 468 156 311 206
126 315 219 102 52 189 320 172 310 1077 302 119 96 552 530 180 261
127 357 190 112 155 184
128 1072 318 750 347 55 498 864 1022 418 132 149 321 198 32 307 619 801 532 694 173 471 15 436 669 90 550 277 45 179 23 256
129 814 164 452 209 246 48 22
130 1009 190 90 35 401 247 852 462 117 584 65 520 21 178
131 300 199 264 471 190 719 546 143 311 239
132 150 164 278 739 523 213 1189 814 1224 715 1036 652 143 223 1091
133 0 156 652
134 376 174
135 1498 307 635 98 656 796 443 231 338 309 274 24 81
136 502 297 188 600 568 581 160 586 432 65
137 721 101 834 473 746 1162 87 601 211 367 1118 407 192 385 573 401 607 337 24 64
138 887 529 33 535 1002 377 188 494 231 35 508
139 361 333 669 1056 403 462 734 198 288 155 102 58 138
140 404 44 642 0
141 360 325 554 251 700 960
142 460 573 181 173 456 303 326 184 231 48 435 458
143 527 51 197 740 10 340 1143 318 1049 77 623 693 244 498 238 433 491 273 145 665
144 895 1077 652 13 268 364 48 249 6 293 33 528
145 585 331 665 1035 357
146 403 709 190 835 1049 816 57 95 52 1036
147 824 24 702
148 599 808 660 108 87 92
149 93 176 289 622 117 136
150 266 427 311 92 58 1259 1363 1036 86 501 350 187 504 231 329 27 180 557
151 243 1023
152 52 468 236 399 411 1069 144 247 7 221 220 546 471 80 573
153 404 33 420 240 508 719 873 169 302 229 94 399 339 691 496
154 274 594 223
155 736 4 361 629 497
156 111 552 354 92 311 87 254 173
157 693 975 59 527 604 137 606 215 122 600 577 32 290 887
158 665 52 449 389 347 190
159 97 860 143
160 523 613 123 1034 809 176 977
161 99 690 333 772 337 454 100 175 677 221 145 1191 350 320 16 506 502 107 751 852 498 254 56 8 440
162 1192 265 491 652 380
163 719 630 609
164 231 389 895 253 75 719 76 211 30 149
165 155 152 890 138 76 873 28
166 195 1316 203 180 371 855 72 94 119 135 881
167 751 289 252
168 440 431 948 390 411 291 365 217 1071 165 240 31 140 395 71 623 771 262 177 496 100
169 252 404 719
170 39 280
171 179 217 209 339
172 250 547 59 734 360 506 51 307 42 116 103 420
173 860 123 400 119 1076
174 771 536 1091 1164 60 565 1039 94 59 497 1035 781 490 140 174 141 446 301
175 801 174 499 807 874 860 50 354 474 1042 462 181
176 261 715 97
177 573 180 472 316 590 654 307
178 52 160 2 409 1104 347 96 275 577 921 199 445 719
179 325 11 247 77 101 936 190 48 571 116 98 366 480
180 683 165 1054 829 820 529 1008 36 149 858 647 399 709 174 434 657 9 239 368 305 160 240 116 456
181 670 211 239 171 751 188 403 1037 622 226 652 75 54 87 719 117 19 538 174 498
182 347 431 326 112 273
183 297 428 502 199 187 692 329 562 440 117 818 529 687 367 128 517
184 108 274 774 51 647 30 23 370 261
185 254 32 552 502 165 528 94 337
186 11 172 155 96 668
187 638 497 70 357 512 1022
188 0 129 346
189 652 157 102 33
190 159 311 52 1005 112 622
191 339 261 35 431 518 88 571 333 585 215 57 97 280 397 497
192 465 578 129 269 174 567 985
193 145 96 365 59 1457 823 321 373 994 169 87 456 13 216 580
194 666 31 962 561 3 295 1235 199 492 590
195 143 139 298 97 695 1036 150
196 594 404 143
197 82 184 190
198 207 138 174
199 935 105 781 525 188
200 595 222 23
201 540 433 209 181 275 190 272 329 1090 39 216 544 221 423
202 325 863 839 353 668
203 23 719
204 101 526 21 76 82 256 571 16 345 25 1067 78 443 216 970 792 1214 308 54 516 74 426 161 302 385 291
205 194 347 342 289 418 657 94 230
206 267 244 200 176 32 141 1077 82 514 254 76
207 900 426 829 743 145 450 101 156
208 280 371 407 380 289 11
209 464 403 98 195 596 216 1006 267
210 1190 195 781
211 59 138 268
212 59 42
213 431 41 65 31 739 288 477
214 1141 165 247 302 197 514
215 380 325 960
216 115 251 1098
217 222 320 100 657 1022
218 400 1480 432 568
219 207 274 243 143 863
220 407 513 665 337 1313
221 432 861 298 180
222 76 568 24 1031 123 445 135
223 211 188 540 320 100 101 241 254 471 758 982 1009
224 244 856 581 936 380 649 99
225 326 964 567 390 329 435 532 1016 251 264 458 557 69 725 1269 888 472 230 17 241 93 959 754 1040 165 291 511 111 74 1253
226 311 277 39
227 226 247 258 528
228 446 681 630 76 511 585 420
229 325 97 570
230 256 209 305 971 100 347
231 132 11
232 568 1077 188 119 952 774 814 776 706 140 228
233 863 325 42
234 155 715 960 30
235 1097 571 693 342
236 160 456 504 11 256 101
237 130 336 135 719 339 1077 152 72 280 552 306
238 207 174 534 5 337 168 652 332 269 567
239 407 150 76 23
240 50 380 143
241 48 604 777 704 112 536 771 141 47
242 135 491 599 9 534 63 1054 257
243 568 360
244 491 139 76 490 96 119
245 329 197 614 293 297 364 76
246 512 947 649 91
247 400 116 23
248 896 540 174 900 982 394 254 954 145 351 81 258 165 342 291 24 134 403 443 526 485 181 730 156 171 655 400
249 406 101 48
250 4 87 357
251 97 751 404 129
252 85 102 432 242 534 960 289
253 165 169 697 23 512 61 195
254 687 673 567 418 1507 241 1115 451 61 733 273 1156 888 866 132 581 699 1046 1072 101 1241 1125 384
255 242 256 99 936
256 357 94 408
257 252 331 156
258 129 97
259 209 1469 719 207
260 491 289
261 565 259 502 48 357 140
262 174 719 1200 814 863 280 252
263 1149 599 112 534 1059 960 59 252 980
264 189 25 924 97 596 96 894 1157 854 748 412 510 139 459 631 1382 383 857 696 278 208 834 526 247 689
265 491 243 590 216
266 761 1167 1281 594 1117
267 59 240 652
268 97 652 76
269 751 199 269 3 959 251
270 595 512 289 140 446 770
271 695 870
272 571 56 57
273 522 407
274 97 280 274
275 71 420
276 183 719 156
277 1027 289
278 11 202 260 9
279 109 506 438
280 280 251 174 243 39
281 311 993 297 256 206 389 403 243 303
282 699 243 873 380
283 420 390 309 753 333 88 273 730
284 30 21 613
285 763 666 390 613 567 10 614 586 345 425 315 346 56 403 377 660 678 176
286 13 94 186 9 333
287 357 647 116
288 48 47 209
289 364 781 157
290 666 427 501 270
291 267 335 39
292 568 719
293 357 152 485
294 491 48 339
295 1069 98 488 547 571 856 315 697 677 965 275 238 35
296 48 568 242
297 97 116 1121 209
298 1194 94 51
299 114 380 594
300 213 274 93 47 392 9 570 140 51
301 555 514 209
302 511 190 230 240
303 32 367 561
304 199 856 55 231 367
305 207 339 491 630
306 129 360 261
307 247 700
308 109 1425 471 607 413 580 93 411 719 23 721 231 346 612 828
309 354 368 746 22 504 1223 316 613 874 229 406 113 433 45 23 564
310 300 225 1073 496 77 134 375 649 795 231 178 320 1097 238 947 1026 75 557 527
311 247 111 513 242 482 172 315 76 302 808 276 1056 1357 502 32 221 7 42 923 290 377 1074 571 347 452 169 499 562 368
312 354 5 399 628 181 262
313 417 228 56 155 186 435 76 275 805 320 253 1115 117 1384 397 660 136 296 423 214 920 342 403 829 498 158 42 22 28
314 719 317 243 357 169
315 549 1063 229 306 239 139 48 145 465 746 529 816 936 9 200
316 242 446 577
317 390 28 1016 843 1243 20 37
318 7 217 1018 556 783 577 347 171 152 758 274 434 695 531 280 445 268 0 216
319 273 84 59 335 406 268 238
320 223 652 960
321 400 0 11
322 9 223
323 156 860 216
324 173 325 291
325 365 356 1056 719 473 360 98 965 441 171 1022 511 707 95 690 11 129 1292 314 288 120 471 25 1137 546 1155 87 693 175 1098 948 75 194 299
326 380 325 0
327 97 42 376 371 814 268 188
328 522 88 297
329 614 363 310 727 1054 468 7 64 998 307 676 409 684
330 116 50 59
331 801 342 668 251
332 511 571 65 90 216 95 815 241
333 592 571 504 413 561 535 1164 329 0 1056 273 669 162 1316 211 124 973 229 602 355 818 81 354 99 359 960
334 1243 156
335 389 379 586 63 225 499 503 876 377 840 644 91 561 730 479 500 152 108 514 1483
336 51 5 55 61 264
337 608 353 115
338 851 925
339 569 299 306 502 217 91 801 46 117 119 202 549 24 411 315 55 472 199 355 969 590 336 386 239
340 113 552 770 189 20 404 807 512 82 229 242 1063 490 682 568 1294 423 274 577
341 297 629 677 348 502 491 156 522 400 396 310 403 1105 365 180 387 298 309 577 681 465 371 781 642
342 531 362 549 1070 465 256 543 390 79 758 928 506 221 59 201 230 208 140 456 527
343 814 269 232 240 29 516 56 470 1016 199 480 474 544 299 345 382 96 99 67 531
344 138 183 289
345 140 51
346 1259 467 400 67
347 24 862 102 1197 434 48
348 77 1071 763 80 333 665 366 420 460 517 289 680 843 337 896 132 677 567 1155 1226 225 168 329 346
349 1167 860 511 50 174
350 1453 138 95 694 389
351 28 660 356 33 297
352 740 359 72 275 31 173 124 133 671 669 693
353 216 103 405 309 23 586 538 152 1054 206 190 885 305 165 324 317 698 171 758 1270 734 368 215 315 394 203 10 670 647 571 742
354 380 1560 1231
355 138 97 251
356 139 552 174 298 656 371 523 39
357 59 860 335
358 7 333 93 16 501 88 35 70 247 512 361 155
359 1017 1451 44 48 76 365
360 100 497 221 247 194
361 30 477 28 213 324 149
362 1164 256 149 43 229
363 136 144 240 23 291
364 178 611 465 347 369 83 932 77 141 328 693 613 254 70 718 351 75 190 936 504 801 368 64 528
365 750 35 92 561 818 48 143 77
366 540 696 22 146 706 1067 443 278 219 365 565 623 509 81 1011 614 119 161 371 72 1039 355 351 195 246 75 203 366
367 585 289 42 361 664 171 59
368 180 9 189 552
369 19 931 116 282 156 469 145 502 127 218 200 1076 356 506 487 1105 338 491 649 0 864 568 647 526 190 1180 552 244 165 1185 474 40 314 111 189 72 389 417
370 361 59 527 216
371 719 138 84 554
372 808 349 476
373 719 139 289
374 842 473 550 135 389 767 254 449 275 581 693 271 528 30 799 46 900 5 216 293
375 471 276 69 65 342 864 75 100 852 302 87 652 8 366 390 239 197
376 132 1063 767 262 582 102 695 199 49 232 61 153 184
377 1008 411 927 51 1286 145 751 466 10 819 821 600 92 503 220 908 46 428 165 722 1083 725 144 510 55 112 100 947
378 225 350 367 242 216 260
379 589 781 331 635 281 1491 156 29 57 229 231 210 247 60 876 72 302 267 5 777 613 242 1076 530 698 27 386 377 23 151 190
380 360 1002
381 612 839 1023
382 502 23 885 594 728 203
383 1018 143 11
384 133 65 801 586 633 374 983 405 527 368 723 345 25 618 95 356 852 1019 3 646 1171 979 622 525 498 766 102
385 173 725 1127 512 333 506 260
386 502 1225 39
387 875 783 269 421 604 233 373 129 589 614 1276 514 1277 117 253 1018 278 178 946 190 990 841 472 312 119 543 855 308 1061 864 212 83 647 511 444 84 164 1446 134 764 593 239 849 1265 426
388 1219 960 3 280 112 723 695 30 538 305 512
389 132 240 107
390 102 59 166 296 141 155 160 734 135 1147 171 208 256 758 614
391 1009 297 359 309 428 4 1076 319 156 48 11 260
392 503 622 505 173 587 406 320 4 181 618 390 87 424 155 654 914 635 366
393 751 389 42 136 4 188 56 331 595 541 77
394 244 1040 1086 797 113 160 861 973 557 47 657 337 253 1294 444 1265 229 417 834 221 919 855 161 462 614 5 360 247 474 1322 74 704
395 102 24 403 16 228 261
396 476 695 949 801 178 676 76 452 87 113 423 668 140 123 740 552
397 173 172 387 77 357 873 28
398 261 995 42
399 156 67 719 344 87 48
400 47 652 129
401 11 298 9 24 96
402 517 14 1171 581 805 183 264 1383 17 619 1474 1584 277 635 54 1004 1173 1118 1101 292 1235 1215 1341 194 479 830 1 169 363 134 80 560 32 171 424 746 709 547 978 1477 1506 347 992 664 1030 57 717 178 496 1333 190 208 1128 1234 758 369 1001 592 606 1092 450 1094 545 1376 480 743 323 1337 961 558 1140 649 219 1064
403 890 245 156
404 102 340 561 617 317 37 373 602 67 267 852 421 107 135 694 546 496 505 163 175 367 244 697 664 233 884 432 101 406 273 512 28 254 109 297
405 488 253 190 1348 160 4 474 72 13 320 298 740 43 725 102 165 361 417 64 107 431 456 707
406 35 240 77 391 61 136 623 1271 42 502 600 436 702 87 4 1428 319 20 359 155 859
407 274 608 143 174 731
408 48 9 360 1196 862
409 115 904 111 415 206 1277 1365 389 390 1048 329 656 953 522 1067 469 187 515 347 376 794 566 333 533 140 149 945 22 257 877 789 447 132 778 526 1461 21 16 315 363 183 519 724 745 1106 809 203 513 69 184
410 1243 497 261
411 751 630 491
412 622 217 5 329 1370 51
413 655 1086 59 5 109 417 260 587 717 218 211 188 140 160 702 834 794 208 649 277 468 546 654 589 102 427 197 792 198 667 669 355 111 481 656 195 670
414 314 613 95 216 178
415 35 8 179 114
416 381 695 76 102 873 267 188 289 57 394
417 470 269 215 890 360 368 64 183 367 962 352 92 403 1167 350 568 1062 53 278 1023 239
418 190 611 795 289
419 156 755 174
420 143 950 268 214 860 719 751
421 147 354 88 753 767 670 373 738 229 844 499 411 913 82 159 1303 328 8 664 337 644 597 230 948 540 652 146 60 746 476 480 887 885 156 109 571 1371 427 1003 26 315 987
422 245 103 116 1167 891 114
423 420 736 50
424 156 1292
425 1167 890 1103 39 156
426 176 336 22 123 647 382 24
427 65 1315 608 873 567 939 660
428 62 540 250 613 390 414 834 531 554 683 303 817 82 48 226 345 101 117 862 305 31 698 46 1054 209 706 192 701 93 311 664 652 1555 924 1260 22 442 942
429 793 297 860 751
430 496 583 315 692 694 618 550 254 965 1410
431 718 1008 206 895 136 5 396 1408 751 513 14 368 364 579 693
432 695 1053 216 577 657 403 48
433 443 175 564 904 600
434 377 540 30 48 599 225 670 163 320 424 787 256 307 178 694 120 310 873 595 35 88 231 99 480 1004 95 578
435 150 409 23 406
436 42 116
437 506 171 21 809 829 100 132 499 146 216 408 24 1054 399 371
438 810 497 156 207 668
439 497 267 1076 228 511 1175 102 563 16 138 285 371 152 595
440 507 216 30 90 504 364 23 102 525 445 112 771 135 217
441 510 24 1294 139 1317 198 330 491
442 1359 1113 65 1168 290 226 180 803 454 21 1164 949 424 336 241 49 681 790 982 547 793 1236 817 317 913 328 1048 308 1213 315 812 102 503 705 920 421 482 1240 561 727 758 153 80 79 52 465 278 88 647 694 741 971 45 472
443 138 420 1192 116
444 9 452 138
445 838 0 995 274 207 47 223 960 1015 1027
446 5 693 55 149 390 260 1247 87 408 979 299 289 168 363 178 491 231 541 113 54 1013
447 309 480 320 139 465 449 622 478 21 783 354 55 350 951 119 342 408 48 456 509 271 470 505 221
448 320 383 46 119 114 634 869 229 65 166 351 1540 145 504 87 167
449 814 881 59
450 368 100 474 209 748 333 229 552 51 27 590 1034 357 339 420 188 873 528 289
451 88 57 1384
452 404 39 1098 138
453 540 852 693 9 226 1171 48 94 239 643 337 1240 966 893 740 529 318 476 718 276 973 153 87 628 904 459 229 299
454 1640 240 100 880 1349 501 320 360 513 190 720 293 135 403 361 11 37 65 758 689 856 830
455 1009 256 502 1155 51 76 100 403 284 1063 85 333 305 15 730 101 1331 155 39
456 143 1002 445 325
457 403 443 1405 38 643 1067 10 872 51 1069 656 336
458 139 0 404 39 1559 42 719
459 357 346 512
460 676 48 138 0 188
461 221 22 231 649 135 140 502 320 1123 432 329 289 1206 188 371
462 1098 824 758 21 139 547 801 5 497 881
463 31 820 338 361 594 32 232 95 190 408 544 556 886 121 458 102 354 768 1004 99 364 484 117 94 112 125 309
464 636 936 302 98 1047 920 492 530
465 172 222 187 23 644 203 380 102 340 207 156 387 534 82
466 389 26 1128
467 888 600 11 330 108 456 20 240 647 400 476 754 549 356 209 480 905 132 33 274 939 3 862 509 69 942 184 337 492 262 561 533 93
468 244 485 35 202 618
469 860 404 814 585 1126 33
470 1110 652 363 291 734 92 33 178 591
471 203 534 801 240 176 357 190 365 468 239 98 65
472 502 188 187 427
473 9 156 29 446 59 600
474 28 155 153 506 638 657
475 135 647
476 357 21 474 456 629 311 119 165 174 31 423 390 72 442 109 113 236 217 23 100 305
477 102 938 318 135 474 56 509 119 156 132 111 117 670 88
478 127 11 497 1327 71 179 1006 115 365 138 1036 222 23 1196 585 487 1302 175 416
479 53 250 368 942 121 289 354 11 120 133 403 141 293 152 72 589 113 171 81 119 129 613 183
480 594 9 3
481 8 948 350 124 107 90
482 173 754 660 307 221 361
483 309 267 5 56 140 1013 730 256 1229 849 686 86 613 190
484 280 387 147 502 392 644
485 331 608 715 851 39 3 860 261 944 339 1261
486 573 768 57 275 300 719
487 27 321 99 324 742 573 733 249 822 465 663 51 905
488 403 33 116 107 23
489 21 238 19 834 338 46 188 826 647 758 99 523 476 527 900 282 655 208 254 75 607 418
490 435 257 718 82
491 273 82 157 1267 820 548 253 138 614 218 837 413 526 83 111 981 971 75 351 35 1228 651 757 547 814 1019 471 604
492 77 206 61 431 256 366 339 235 389 231 199 217 238 623 629 342
493 574 0 355 1133 351 203 646 299 1438 550 933 21 755 297 273
494 199 922 4 114 100 144 356 763 1098 364 31
495 665 541 1196 76
496 15 1496 899 76 347 260 22 630 437 669 244 23 123 456 231 467 9 190 88 600 164 330 844
497 652 339 353 404
498 725 147 1155 58 27 90 496 98 48 359 873 7 247 913 260 153
499 95 1408 421 212 1457 303 165 764 394 925 455 326 649 424 579 9 33 162 583 687 710 643 659 695 124
500 31 51 291 190 861 1188 87 257 438 32 359 229
501 196 345 767 275 241 305 311 86 280 758 753 500 1116 544 496 729 359 165 144 438 178 470 556 95 258
502 143 252 491
503 51 116 357 268 568 94
504 273 56 538 371 1069 284 256 408 491 366 600 135 154 1054 503 380 423 472 697 111
505 111 361 492 75 11 794 288 852 529
506 652 594 609
507 289 668 174 214
508 140 331
509 622 24 188
510 491 188
511 320 822 132 693 178 834 1378 49 87 977
512 24 355 166 501 336 861 552 400
513 116 84 268 97
514 57 511
515 420 1023 860
516 0 172 173 95 347 111 622 361 1349 363 1094 155 818 273 373 28 888 408 550 595 511 474 729 35 329 479 456 251 807 356 734
517 203 188 552 403 140 370 382 371
518 72 278 652 135 350 102
519 156 19 364 305 48 389 188 549 355 872 528 100 356 160 11
520 652 85 325
521 255 736 594 1027 950
522 864 124 267 156 506 326
523 506 566 1109 565 90 1256 77 725 514 339 199 61 27 1137 473 681 758 96 232 849 138 431 577 475 881 221 891 959
524 351 1143 1216 239 32
525 0 815 116
526 103 47 94 851 265
527 174 336 306 97
528 178 299 1180 288 665 273 571 35 497 160 209 117 43 290
529 94 1167 568
530 577 647 652 82 469 196 181 427 297 336 506 432 538 725 307 355 600 239 220 733 306 1205 695 408 622 1077
531 593 230 383 454 342 513 856 260 982 708 182 595 905 289 882 262 571 406 300 1143 247 31
532 4 69 293 628 221 936 418 75 146 206 485 433 347 303 777 820 421
533 51 427 114 62 993 242 452
534 519 59 473 512 112 109 585 137 273 729 90 405 1257 987 417 3 1387 474 95 347 16 181 31 681 863 844 643 104 113 1028 404 231 360 157 931 380 876 1022 367 496 1196 82 725 866 457 479 712 183 25
535 381 1259 530 336 608 452 23 552
536 840 154 484 877 244 875 524 232 948 1049 544 367 887 718
537 367 347 56 1016 297 140 100 377
538 801 285 347 1206 460 329 683 325 333 48 98 83 561 730
539 799 1237 1177 21 181 171 31 211 64 345 145 698 607 464 56 206 531
540 35 404 390 240 408 289
541 97 243 807
542 330 982 366 612 504 194 276 10 70 216 1354 260 536 309 754 80 758 367 36 22
543 10 30 695 397 361 23 216 269 660 578 72 115 364 666 652 420
544 885 604 324 3 28 558
545 454 229 117
546 291 826 190 3 249 957 140 394 570 669 149 113 554 1312 256 719 188 133 208 21 695 456 162 465 59 452 177 791 110 206 278 1169 92 116
547 42 94 511
548 408 8 482 694 920 795 660 30 657 241
549 203 177 387 1085 364 656 668 1104 1106
550 209 252 652 452 51 177 682
551 502 199 59 209 135 11 155 48 389 329 160 102
552 335 1034 156 135
553 331 220 59 124 260
554 275 1002 1065 561 113 94 622 334
555 188 496 936 130 48 1293 269 534 23 409
556 512 492 534 480 180 49 887 1151 540 23 428 352 92 60 145 303 1271 1230 206 111 140 1255 261 117 881 31 535 230 218 529 611 52 0 202 35 296
557 357 172 76
558 864 19 526 465 801 249 52 216 81 979 283 217 403 188 51
559 3 960 346 223 491 389
560 665 1084
561 403 357 360 842
562 702 567 299 1354
563 754 541 260 76 730
564 174 455 274
565 795 173 197 317 1020 15 595 1460 304 939 537 62 199 275 888 217
566 0 150 487 67 94 82 152
567 22 217 99 232 1115 931 544 65
568 143 119 9 216
569 311 119 195 181 202 1347 573 46 783 559 118 465 1306 396 154 6 113 28 552
570 754 48 181 277 329 178 622 423
571 751 755 251 59 129
572 22 404 326 180 269 403
573 568 222
574 333 33 251
575 56 75 85
576 212 358 316 95 70 797 333 347 348 375 183 1081 889 155 364 173 280 54 103 762 1107 13 336
577 138 1430 930 84 1181 1229 346 609 1166 995
578 404 243 4 230 767 136 611 537
579 112 267 357 45 364 864 17 321 249 56 203 305 190 425 111 150 76
580 1520 1428 1390 423 8 702 882 70
581 534 29 771 59 174 652 1076
582 137 652 247 410 1180 1178 632 1104 356
583 51 502 695
584 1172 124 302 121 700 59 644 657 955 578 116 330 808 483 861 816 1123 979 97 577 571 552 1259 65 432 380 247 1195 24 1369 200 1103 497 382 480 114
585 143 174 59 565 445
586 57 393 643 172 400
587 257 22 342 546 85 135 177 10 357 315 203 113 502 289 528 189
588 753 581 431
589 652 446
590 269 0 700
591 119 682 467 774 686
592 186 59 484 497 129
593 207 357 568
594 94 614 186 899
595 94 331 274
596 117 188 1243 172 15 195 433 52 134 390 216 199 614 354 480
597 577 403 139
598 46 356 311 476 296 1260 1101 994 437
599 1168 347 99 278 333 0 427 408 359
600 105 100 48 174 719
601 152 365 156 464 1036 174 823 925 51 661
602 280 814 82 227 734 267 32 169 544 427 5 43 352 861 531 1530 206 552 150 156 577 85 288 143
603 89 239 318 418 654 326 471 568 1460 469 138 124 251 646 46 408 708
604 216 566 538 91
605 471 347 261 241 608 269 55 884
606 325 744 391 751 71
607 858 477 730 167 635 94 288 394 0 611 1073
608 367 719 368 783 256 25 970 30 408 191 365 485 862 192 311 31 667 257 347 23 119 345
609 209 139 387 180
610 995 909 512
611 492 600 549 578 48 465 254 0 15 622 423
612 860 143 1166 274 3
613 816 121 892 529 212 51 321 407 1109 1314 1040
614 1060 873
615 268 608 156 719 425 200 96 94 801
616 243 471 753
617 235 217 423 321 100 1228 46 953 882 600 22 549 710 901 1109 796 403 456 155 209 189 879 23
618 1109 11 134 427 140 112 1383 209 202 643 23 328 54 947 192 944 311
619 30 361 74
620 789 774 82 491 129 510 446 348 280 860 24 873 51 731
621 668 48 178
622 1023 456 647 571 127 354 801 96 561 476 150 450 111 80 746 97 861 369
623 32 51 289 401 253
624 343 860 751
625 638 289 240 278 254 311 48 173 433 172 81
626 329 93 269 690 82 646 465 751 944 359 664 221
627 403 476 155 1077 97 934
628 1028 111 43 324 614 146 399 100 476 973 297 7
629 360 376
630 608 676 427 1027 228 432 129 325 188 751 139 695 85 189
631 143 693 159 33 367 275 104 169 471 512 207 76 1317 264 913
632 259 511 24 67 76 209 336 98 22 119 85
633 389 841 211 159 1383 667 158 102 347 1594 231 81 531 385 966 204 1106 1048 526 65 200 366 19 412 350 703 1213 983 267 221 525 757
634 651 1084 647 355 452 676 364 135 403 188 51
635 527 543 216 247 296 366 146 192 525 86 155
636 1103 268 0 459
637 267 738 51 180 694 81 382 367 307 216 23 321 612 417 1011 877 112 244 1127 895 492
638 114 353 681
639 403 361 46 247 329 100 33
640 97 594 29 371
641 9 143 1002 152 139
642 187 771
643 475 100 683 117 465 256 1211 1026 66 235 260 206 655
644 107 633 506 795 566 655 180 96 503 781 275 464 122 543 314 893 462 167 443 82 209 801 552 631 119 175 100 150 49 30
645 178 423 9 433 144 408
646 707 877 23 33 549 104 159 540 1164 529 408 129 254 155 162 820 436 354 220 668 895 32 188 230 1008 338 1113 1539 488 1044 875
647 491 582
648 348 389 197 244 278 113 51 211 1082 132 406 59 190 231 569
649 423 738 296 120 1509 367 53 293 552 617 188 97 82 1040 503 646 30 904 157 162 551 476 565 567 306 87 719 33 24
650 317 88 527 59 1009 853 925 662 1641 155 1126 1373 427 1384 1199 100 429 1604 333 46 1066 394 656 111 895 99 782 320 661 1680 1327 744 244 686 989 1467 105 563 276 95 220 126 28 441 500 315 968 231 553 51 1129 910 307 389 498 1480 311 223 733 329 1361 136 299 900 1054 1383 1474 1636 169
651 1182 403 1082
652 389 501 30 386 712 657 48
653 243 183 114
654 1019 247 467 299 215 181 57 160 113 893 373 477 60 83 357 622 208 189 837 978 914 762 4
655 359 104 740 1168 311 384 7 178 615 1241 21 156 318 273 320 646 435 390 101
656 652 47 114 71
657 1018 177 135 860 217 203 794 100 139 360 719 156 781 143 695 48
658 384 182 433 190 527 277 256 288 171 239 359 25 587 132 101 173 1108
659 71 140 378
660 5 557 433 97 87 9 216 56 555 135 357 1034 3 165 82
661 427 22 258 440 432 479 471 475 1046 94 445 506 112 220 147 647 5 687 750 321 188 454 583 980 342
662 256 156 361 657 382 165 65 544 864 347 277 101
663 289 138 512
664 88 240 307 500 623
665 512 574 730 207
666 842 103 751 320 0
667 511 129 103 842
668 208 152 349 861 203 53 403 373 111 1011 915 409 357
669 695 33 100 101 143 496 371 95 828 179
670 261 214 176 51 1098 1071 97 156
671 267 350 116 278
672 265 339 94
673 138 652 103 789 157
674 87 926 718 386 1112 160 499 578 571 504 445 1179 510 200 783 676 388 11 338 573 145 285 846 359 1034 21 531 552 309 193 450 621 549 320 587 944 296 1092 834 9
675 25 382 173 50 199 247 471
676 230 1034 211 452 316 247 32 22 357
677 42 223
678 116 1421 243 331 359 296 346 183
679 361 668 30 818
680 393 88 51
681 302 1210 342 1172
682 211 364 240 401 413 32 556 153 834 633 178 238
683 67 140 340 432
684 100 160 7 217 155 258 80
685 254 818 244 21 56 100 111 280 1408 85 169 797 647 129 209 1143
686 666 268 0
687 51 188 346 849 893 180 861 94 860 944 1114
688 247 537 896 25 1177 538 264 321 225 220 925 502 750
689 173 629 816 4 100
690 90 320 256 160 220 318 144 51 982 33 652 394 599 134 56 357
691 72 644 1159 9
692 693 253 408 773 357 385 254 200 119 176 113 9
693 71 176 1069 261
694 152 342 305 59 178 274 30 195 1055 331 1022 175 668 93 38
695 546 107 622 357 117 342 92 132 454
696 199 1236 1016 440 32 859 848 719 1123 405 610 109 91 260 913 326 534 601 400 780 238 316 842 487
697 178 629
698 497 143
699 582 360 103 960
700 460 156 183 736
701 851 1023 695 357 1190 860 407 51 376 242 1042
702 296 60 141 558 911 777 244 743 188 883 892 1036 41 1018
703 1031 202 447 172 396 273 366 231 438 474 612 318 842 361 973 611 277 667 654 801 389 129
704 408 347 499 280 585 124 571 173 418
705 365 201 56 94 14 841 366 528 231 875 749 431 560 1203 1118 330 79
706 209 135 1092 11 417 189 479 155 9 382 351 547 740 138 830 423 1006
707 824 751 1117
708 407 275 795 45 740 264 454 319 729 200 488 329 1180 377 610 181 141 896 982 528 506 25 866 884 403 629 471
709 1167 94 903
710 85 188 695
711 91 194 293 921 291 227 209
712 1017 474 71
713 91 540 174 519 703 274 497 405 425 207 1027 254 289 273 406 860 156
714 652 9 23 531 695
715 29 103 445 298 252 152 1257 531 647 305
716 96 130 400 809
717 42 28 1473
718 490 971 306 274 85
719 280 807 1398 1465 245 1078 1017 484 641
720 17 801 1237 615 945 155 184 321 164 1092 192 399 79 858 834 197 577 296 853 528 683 674 123 1303 195 117 425 88 573 51 292 433 526
721 404 82 94
722 139 119 156
723 568 744 1343
724 50 578
725 10 823 195
726 67 119 139
727 525 174 409 188 862
728 657 209 184 635 456 264 181 503 317 155 217 200 75 320 725
729 1159 143 1285
730 264 763 257 364 30 485 124
731 140 491 156 552
732 207 860 51 400
733 48 432 357
734 65 571 232 100
735 88 224 407 24 647 365 600 577 298 1069 1022
736 277 333 1097 11 1084 508
737 360 751
738 432 23 174 512 209 331
739 238 1016 748 226 104 138 179 1253 256 49 487 325 538 908 363 936 431 591 182 272 1492 28 67 5 355 540 1099 180 242 302
740 149 289 254
741 90 155 165 6
742 90 152 50 112 698 446 618 1023 194 1037 1104 417 354 725 305 204 408 208 936 238 573 373 445 67 184 317 450 46 220 538 109
743 269 28 693 199 160 389 567 284 905 1028 568
744 150 408 693 561 740 95 5
745 694 433 216 584 299 819 238 657 567
746 960 380 925 268
747 347 86 1019 176 65 622 33 864 247 600 629
748 428 315 676 778 670 141 890 290 607 314 354 546 154 729 31 146 261
749 111 263 499 654 895 344 55 977 622 309 657
750 317 529 347 351 1036 146 938 663 30 156 221 9 864 55 155 120 59
751 50 950 1220 652 1023 608 346 353
752 1200 133 1022 221 214 926 1120 510 511 85 321 807 252 1006 557 55 249 389 856 200 583 155 117 378 1196 565 260 652 289 346 278 58 842 275 368 580
753 491 824
754 29 133
755 862 100 751
756 502 565 643 172
757 93 50 666 275 159 687
758 722 442 48 480 1354 357 364 297 471 273 1094 740 749
759 656 178 199 644 350 748 135 85 340 251 432
760 856 359 920 488
761 82 135 656
762 404 252 491 0
763 21 935 377 444 276 506 71
764 86 404 364 365 745 614 491
765 1239 64 285 423 115 734 1237 157 179 145 93 49 247 431 1379 37
766 977 11 187
767 251 59 214 103
768 753 479 527 194 1090 145 90 529 528 513 920 272 75 936 60 649 262 28
769 282 338 527 628 94 538 184 506 33 492 525 528 725 1197 209 514 750 358 230 888 366 390 362
770 319 904 85 291
771 1023 644 1481 119 11 348 172
772 140 657 367 178
773 364 174 76 22
774 886 211 149 100 105 915 777 4 74 581 199
775 98 247 230 134 652 100
776 180 309 23 406
777 209 468 98 456 389 138 852
778 630 1219 1225 969 1479 1414 497 928 491 72 1602 1248 1480 1084 116 1352 1463 261 1293 1098 902 1328 1154 668
779 28 6 188 165 209 76 289 160 50 25 311 480
780 129 243 261 114
781 94 132 51 364 62 85 1023
782 571 1102 646 629 200 65 320 725 394 297 1164 156 187 1115 97 505 587 1316 229 874 323 561 309 28 50
783 287 382 672 392
784 215 5 358 146 1023 282 610 382 156 336 1136 685 549 202 442 191 495 305 52 278 1113 514 758
785 289 511 671 860 851 269
786 404 1229 252
787 367 190 174
788 382 261 289 9
789 995 247 1130 190 100
790 32 75 158 199 363 216 103 219 142 829 311 503 296 682 978 544 1079 895 528 374 141 107 53 610 256 318 390 372 479 211 113 153 853 866 994 278
791 467 5 464 635 146 160 568 314 92 226 236 415 187 155 141 1036
792 647 188 1596 371 242 197
793 54 104 1276 447 347 407 1 450 5 868 77 449 693 121 375 71 206 954 174 178 135 540 525 13
794 339 755 608
795 832 94 256 1262 513 394 886 30
796 9 261 188
797 438 557 631 11 303 95 153 864 738 96 629 320 351 835 899 668 260 506 94 704 165 35 102 651 33 283 1276 1095 157 901 181 1108 101 444
798 491 380 1167 269
799 0 511 652
800 22 259 651 242 85
801 593 687 174
802 82 189 273 872 140 87 685 1107 517 83 1100 28 368 1267 1191 471 113 218 567 180 165 15 285 1210 293 726 529 882
803 55 160 722 188 252 359 132 32 98 546 11 71 500 288
804 193 101 551 1090 1028 102 145 480 719 754 360 293 768 464 1430 56 1177 6 919 816 1062
805 42 731 51
806 609 103 719
807 50 568
808 557 256 767 254 1077 573 317 552 173 583 801 5 9 887 502 1241 345 1127 1114
809 116 651 502 24
810 119 88 216 1037 456 150 23
811 0 289
812 1047 324 527 361
813 594 280
814 357 294 75 389 179 85 31 663 284 149 297 21 947 471 444 76 250 399 55
815 862 242 552 512 855 174 96 769 536 1182 111 899 156 668 203
816 183 360 890
817 730 221 179 856 187 205 102
818 289 335
819 104 438 190 53 511 49 113 547 273 458 7
820 47 249 829 368 1113 1049 231 1101 663 200 155 81
821 719 59 814 593 97 471 960 608
822 377 400 452
823 183 1059 665 839 133 1120 1592 482 680 97 355
824 116 331 289
825 496 740 460 1028 583 67 657 862 561 55 725
826 1401 571 444 22 1020 617 895 473 167 269 140 730 558 303 294 21 247 351 819 0 496 49 474 371 583 1234 322
827 98 59 1120 71 730
828 719 143 609
829 152 288 330 9 887 114 382 55 188 706
830 157 51 302 490 188 409
831 580 241 862 535 48 147 754 129 130 178 449 939 660 169 610 329 22 256 321 1151
832 51 174 116
833 205 143 1229
834 311 690 552 100 181 164 544 83
835 436 105 557 320 573 465 361 216 622 742 317 356 947 795 188 33 55 421 683 571 440
836 280 427 48 85 135 325
837 49 456 1113 349 978 111 954 709 206 657 202 8 258 473 678 65 108 438 820 660 576 323 309 703 379 1236 479 1079 663 1068 204 601 99 574 764 989 216 57 36 7 226
838 58 175 588 94 67
839 71 391 899
840 138 214 261
841 534 367 217 100 165 181 77 32 98 443 656 309 464 366 413
842 697 81 884 65 1509 160 361 311 22 217 550 460 32 347 905
843 267 261 292
844 769 525 22 164 135
845 298 356 140 413 1219 861 823 391 563 1172 1034 502 510 72 1013 100 934 199 696 928 203
846 273 28 643
847 647 512 233 307 9 1023 306 35 1411 305 140 130 855 538 273 613 269 970 138 189 259 1558
848 101 867 403 231 540
849 42 51
850 274 143 420 594
851 355 669 699
852 731 668
853 671 807 1548
854 59 214 289
855 22 934 9 487
856 1036 188 361 101 321 445 858 523 209 676 256 516 622 99 629 237 725
857 97 511 268
858 269 0
859 810 568 39 860 1167 484 156 1078 115 554 950
860 205 762 214 242 985 221 325
861 959 666 739
862 438 834 43 190 1185 726 705 773 240 368 469 296 67 137 145 433 938 189 236 309 349 375 600 202 173 817 24 1445 159 442
863 1006 138 302 971 336 510 656
864 11 264 25 590 160 294 504 158 182 540 91 1092 746 111 297 102 805 253 110 256 328
865 77 465 274 418 216 99 97 51 517 1453
866 747 1284 58 498 94
867 874 1613 0 173 1179 325 184 648 42 492 119 547 17 297 1004 607 1079 155 896 754 741 1123 543 812 801 942 604
868 256 71 695 310 129 719 360 511 183 324 764 408
869 138 198 47 360 260 508 321 232 107
870 657 695
871 364 23 47 434 203 135 278
872 243 395
873 960 652 82 733 280 1478 864 856
874 94 719
875 1471 1035 801 823 1102 161 228 142 286 585 589 529 706 332 444 33 873 145 196 1139 557 383 347 926 119 274 1180 1172 467 403 368 10 253 1048 521 389 544
876 199 239 76 463 517 435 567 408 488 367 460 550 610 244
877 22 1031 166 51 393
878 523 764 614 338 288 1159 1104 217 403 550 530 31 573 95 19 258 117 121 320 632 368 317 1307 46 401 247
879 403 261 695
880 462 347 607 541 124 681 399 476 101 600 669 330 327 114 584 140 288 438 174 291 538 32 367 209 561 21 208
881 100 423 69 278 307 344 172 367 51 244 200 510 796 361
882 235 57 733 618 502
883 740 796 505 1110 471 479 717 56 396 444 499 54 1112 773 28 169 95 368 209 149 45 329 198 58
884 55 561 471 652 549 817 277 216 165 887 445
885 321 31 278 1317 317 700 40 144 219 51 233 652 356 801 1435 1101 52 365 965 417 591 124 694 501 350 958 904 135 1229 456 87 789 647
886 240 48 371 82
887 240 23 78 253 1028 73 76 32 165 57 820 547 356 592 13 296 238 526 405 194 447 288 476
888 319 896 76 1020 194 394 740 81 256 418 517 117
889 456 172 21 452 139 101
890 344 1471 721 1028 571 200 158 525 65 180 932 16 530 544 1082 195 25
891 719 130 195 22 135
892 942 29 534 8 432 116 297 176 538 767 9 991 808 0 719 379 411 135 86 360 609 406 511 132 872
893 72 693 11 278 740 851 547 354 423 122 746 45 253 531 96 388 1373 321 229 97 1245 874 843 331 741 1009 587 408 559 1179 946 511 819 453 314 206 452
894 55 195 160 185 307 403 769 155 1067 272 241 359 480 85 317 53 6 5 143
895 130 134 32 88 258 434 6 68 820 11 978 487 33
896 85 294 649 211 11 86 96 687 139 92 305 87 261 309
897 87 302 623 502 934 432 59 276 48 730 646 356 587 452
898 76 291 51 365 360
899 452 1067 472 361 797 356 88 174 566 340 173 116 293 156 1179
900 0 261 860 665
901 755 181 25 56 173
902 213 325 578
903 94 51
904 873 187 209 862
905 195 1077 135 177 635
906 48 920 452 82 1313 652 188 241
907 802 78 263 520 1134 100 309 226 483 778 753 411 354 146 165 710 320 160 33 475 499 199 861 577 528 208 229 130 801 707 587 75
908 877 547 344 385 719 418 781 83 209 347
909 361 199 87 225 160 98
910 310 257 853
911 120 165 230 677 107 1317 88 649 8 70 1015
912 338 654 82 115 29 49 751 648 85 222 127 67 56 677 840 290 259 423 147 864 1480 619
913 335 365 82 531 155 158 86 488 100 841 889
914 552 302 139 22 725 647
915 373 185 247 180 165 114 49 695 236 151 160 108 472 392
916 103 156 0
917 374 368 112 408 978 340 256 154 262 458 1197 433 172
918 139 116 971 403 862 392 280 357
919 245 491 321 280
920 100 424 820 560 135 853 216 10 212 445 101 1482
921 100 1120 61 209 23 21 181 50 882
922 4 160 100 496 725
923 88 427 242 1120 707 175
924 781 233 130 172
925 100 475 476 1151 78 154 1135 750 1255 92 135 216 153 485 1237 587 460 20 905 262 702 11 1037 884
926 8 860 400
927 1105 454 403 649 1240 247 546 289 411 1185 557 606 1276 1037 517 254 1026 52
928 31 347 321 190 19 119 368 25 135 820 239 408 740 285 209 734 181 794 4
929 416 652 403 23
930 102 22 376 552 298 644 67 695 189 156 1023
931 247 568 1023 261 276 147 856 1134 190 254 48
932 178 365
933 944 361 30 814
934 485 156 511 143 864 309 546 965
935 289 76 1069 443
936 360 491
937 320 99 769 864 1092 83 130 663 82 81 204 390 100 150 146 556 199
938 415 656 1067 1104 1102
939 502 42 786 76 446 676 339 1328 522 1126 10 971 722 9 360
940 267 302 662 665 629 76 88
941 280 289 129
942 139 614 140
