0 171 864
1 504 813 613
2 227 614 247 456 796
3 731
4 538 503 35
5 361 647
6 318 561
7 506 241 169 256 38
8 638 49 67 111 225
9 797 403 92 23 204
10 744 377 591 1223 816 46
11 6 56 529 458 217
12 160 599 173
13 669 268 261
14 873 65 818 78 94 274 1077 447 60 206
15 982 254
16 315 104 982 730 431 297 456
17 1386 67 1197 364 953 471
18 159 317 1016 687 55 569 1162 30 528 538
19 82 325 514 76
20 1089 413
21 307 622 438 1200 289 934
22 160 1401 52 406 65 85 509 218
23 480 707 31 374 1260 549
24 555 22 1190
25 693 670 801 394 337
26 647 27
27 861 35 428
28 138
29 231 573 64 480 291 120
30 476
31 178 52 6
32 307 217
33 86
34 393 1310 563 39 769 944 223 1206 491
35 0
36 816 865 513 247 239 1068 375 703 685 529 433
37 491 117 231 229 209 334 326 241 309
38 856 449 112 723
39 129
40 229 1094 1456 482 64 1146 324 665
41 500 9
42 95 111 872 174
43 1456
44 262 392 667 200
45 242 614 86
46 260 565 257 140 244 88
47 135 139
48 195 267
49 594
50 816 111
51 117 525 433 7 1026 669 6 801
52 85 100 78
53 276 1212 531 947 792
54 390 309 438 403
55 315 488 623
56 274
57 554 1018 571 695 81 837 767 208 1250 140 91 1166 362
58 356
59 599 318 135 185 77
60 434 1149 216
61 1548 446 614
62 168 693 896 135
63 538 244
64 1054 340 157 242 532 971 181 194
65 138
66 793 158 271 220
67 635 153 647 1394 309 303 356 969
68 71
69 1159 305 456 48 496 221 206 194
70 474 431 746 873
71 353 12 417 866
72 200 181
73 364
74 773 690 694 806 1018 864 51 165 458
75 1023 119 656 652 78 149 229
76 209 311
77 59 256
78 357
79 473 225 1317 216 599 664
80 317 647 125
81 1175 899 97
82 677 317 687 547 460 56
83 413
84 496 513 100 80
85 96 88
86 146 368 190
87 942 111 719 772
88 390
89 199 284 278 1237 219 530 232 1265
90 283 96 528 100
91 778 247 101
92 1456 165 28
93 317 33
94 355 552 389 982
95 337 877 153 158
96 480 318 717 479
97 588 438 98 239 310
98 767 561
99 424 199 178 914 416 390 1213
100 732
101 433 957 479 42 473 220
102 124 1259 199
103 351 535
104 6 995 577 83 113
105 143
106 195
107 35
108 94
109 21 396 475 256 23 491 149
110 283 155 51 474
111 950
112 59
113 734 367 802 147 25 853
114 427 357 413
115 113 919 97 86 661 435 146 1040
116 171 130 32 654 105
117 945 48 339 181 721 940
118 7 373 832 543
119 119 350 23
120 355 172 707 50 492
121 92 355
122 387 409
123 485 781
124 121 149
125 547 945 660 3
126 887 335 116 106
127 229
128 616 623 307 99 107 469 137
129 370 403
130 915 647 102
131 190 56
132 23 173 9
133 630
134 59
135 145 117 417
136 178 355
137 835 32 875 283
138 289 240 165
139 734 317 623
140 22
141 860 666
142 573 498 215
143 88 432 382 669
144 556 156 183
145 459
146 540 704
147 479
148 108 93
149 622 597
150 837 100 180 504
151 280
152 433 220 518
153 96 770 666
154 420
155 401
156 670 275
157 386 215 718
158 45 550
159 59
160 350 11
161 887 754 513 202 257
162 404
163 630
164 156 557
165 873 413
166 156 76 751
167 103
168 42 567 273 31 70
169 652
170 404
171 231
172 518 351 190
173 51
174 42 1337 153 995
175 317 53 339
176 97
177 56 82
178 1012 502 418
179 914 1097 700
180 324 188 296 523 895
181 740 285 280 351
182 98
183 258 694 117 337
184 364 125
185 629 670
186 668
187 722 483
188 289
189 862
190 33 173
191 174 1189 1354
192 660 174
193 433 249 182
194 57 512
195 174 57
196 343
197 861
198 807
199 22
200 88
201 99 136 385
202 397
203 445
204 377 69 64 328 117 312
205 52 138
206 1112 318 105
207 296 231
208 147 637
209 523 355
210 156
211 138
212 143
213 338 351
214 59 332
215 59
216 156
217 600
218 195
219 343
220 471
221 862
222 502 48
223 299 746 229
224 561 51
225 532 111 913 723 618 2
226 814
227 178
228 487 346
229 289
230 971 101
231 11
232 613 305 682
233 269
234 715
235 48
236 437 504
237 176 102 707
238 407 203
239 568
240 380
241 150 370
242 355 321
243 289
244 242 719
245 530 501
246 377
247 48
248 506 544 431 385 557 230
249 9
250 368
251 1120
252 59 183
253 697 670
254 51 83 66 471 35
255 452
256 274
257 115
258 59
259 512
260 56
261 512 722
262 207 1184
263 93 1453
264 596 614 130 139 745
265 491
266 261
267 42
268 88
269 925 819
270 371 94
271 132
272 56
273 51
274 174
275 156
276 103
277 71
278 217
279 35
280 297
281 188 288
282 243
283 567 299
284 342
285 622 216 201 199
286 376
287 552
288 357
289 452
290 502
291 94
292 325
293 113
294 390
295 357 124 173
296 360
297 873
298 130
299 138
300 30 623
301 336
302 537
303 899
304 247
305 668
306 156
307 629
308 947 188 657
309 614 357 543 479
310 795 221 200 363
311 302 289 494 587 403 730
312 628 253
313 190 828 814 199 76 81
314 371
315 153 35 320
316 381
317 184 289
318 564 474 368 211
319 431 1325
320 1343
321 11
322 97
323 156
324 376
325 87 816 1192 500 280 116 532
326 842
327 242 152
328 289
329 820 367 557
330 346
331 35
332 611 1046
333 895 888 611 465 349 550
334 280
335 863 318 876 660
336 247
337 268
338 944
339 21 380 288 95 421
340 177 552 661 389
341 969 1179 557 243 133
342 230 280 978 669
343 149 465 322 30
344 630
345 706
346 58
347 849 24
348 395 259 485 436 597
349 289
350 669
351 140
352 213 76 251
353 112 53 260 28 660 960 24
354 652
355 578
356 76 704
357 325
358 447 512 291
359 85 432
360 31
361 394 0
362 858
363 100
364 707 58 866 109 575
365 729 1056
366 40 259 147 1114 130 164
367 490 710
368 628
369 655 31 164 1008 764 307 153 889
370 30
371 274
372 504
373 164
374 534 619 231 77
375 362 4 329 550
376 77 363 403
377 660 35 821 77 736 1040
378 661 355
379 231 503 754 359 497 46 643
380 815
381 459
382 280 604
383 139
384 363 920 866 801 290 471
385 333 622
386 51
387 63 724 1116 1303 974 199 428 506 424
388 511 236 492
389 229
390 211 252 861
391 229 124 4
392 654 28 417 920
393 132 623 766
394 615 494 1304 122 1367 861 1237
395 16 814
396 358 669 180 783
397 119 57
398 174
399 303 283
400 269
401 381
402 664 806 133 1494 673 884 230 254 1303 808 1183 1267 593 1052 877
403 890
404 318 936 1016 1114 181 877 732
405 861 260 394 195 366
406 315 1364 843 587 1028
407 343
408 47
409 190 2 971 511 936 97 1672 413 150 799
410 289
411 1167
412 156 476
413 401 30 29 877 80 13 425 217
414 321
415 8
416 678 57
417 256 1062 247 520 1092
418 155
419 216
420 103 119
421 973 142 26 801 59 231 537 873 532
422 268 608
423 1015
424 1292
425 23
426 357 59
427 361 48
428 368 181 354 59 1040 456 204 549
429 147
430 30 939
431 42 338 195
432 152 59
433 102
434 520 787 561 544 262 1049
435 445
436 71
437 296 794 506
438 751
439 1154 506 534
440 268 123 1206
441 189 772
442 436 5 117 821 583 1240 442 97 1268 1279 33
443 0
444 403
445 903 289
446 76 835 30 442 556
447 1161 56 221 566 2
448 468 192 518 367
449 59
450 231 9 194 703
451 261
452 751
453 217 424 623 781 276 314
454 500 499 441 1175 492
455 452 116 490 600
456 420
457 1069 240 97
458 1076 188
459 42
460 1006
461 51 1069 656
462 157 311
463 321 6 98 820 305 178
464 254 433
465 371 781 648
466 995
467 110 51 94 30 566 456 428
468 1481
469 360 94
470 191 1048
471 67 353 42
472 243
473 23 62
474 657 239
475 67
476 160 754 497 273 440
477 256 72 375
478 452 27 259 156
479 183 471 75 273 206
480 251
481 347 51
482 888 538
483 305 652 1224
484 340 9
485 570 1229 114
486 474 600
487 1227 629 1162
488 1034
489 238 87 777 513 919
490 633
491 613 822 757 556 652 1112
492 623 454 544 652
493 1232 30 506
494 188 31 690
495 751
496 336 302 802 382 693
497 1103
498 29 491 337 69
499 204 687 52 158 510
500 861 25 269
501 593 559 264 725 504
502 274
503 1017 213
504 81 693 240 472
505 155 321
506 274
507 103
508 5
509 139
510 243
511 633 366
512 409 695
513 138
514 57
515 1002
516 90 314 723 367 828 371 4
517 695 647
518 209 340
519 1182 549 247
520 413
521 719
522 660 528
523 654 959 359 1179 134 180
524 423
525 335
526 252
527 97
528 1394 862 995
529 207
530 733 643 552 1307 1084 117
531 965 361 1079 431 65
532 389 303 69 328
533 179 48
534 824 190 1245 163 471 618 355 613 424 1017
535 76 870
536 529 102 403
537 229 48
538 98 320 226
539 51 111 890 261
540 465 360
541 360
542 367 216 527 82
543 203 502 72 355
544 269 403
545 571
546 469 278 456 99 110 63 738
547 174
548 254 77
549 452 143
550 116 57
551 615 178 1016
552 719
553 251
554 297 183
555 185 56
556 356 390 373 665 873 669 1049 660
557 175
558 181 254 283
559 29 371
560 512
561 842
562 508
563 77
564 59
565 502 574 640 1046
566 365 652
567 55 113
568 274
569 284 165 726 452
570 360 190
571 838
572 751 139
573 48
574 65
575 75
576 630 297 816 316 119
577 519 1098
578 537 275
579 216 190 474 911
580 942 702
581 491 531
582 389 180
583 222
584 502 950 43 356 1480 76 1325 930
585 59
586 512
587 647 257 356 564
588 5
589 274
590 268
591 94
592 751
593 357
594 860
595 274
596 51 593 518
597 403
598 373 621
599 652 888
600 321
601 29 427
602 543 389 873 494 885
603 326 471 436 199
604 262
605 173 311
606 585
607 883 892 1097
608 471 51 100 52 227
609 127
610 512
611 700 288 465
612 491
613 668 771 464
614 100
615 116 375
616 387
617 292 799 1104 100 21
618 529 273 282 1062
619 112
620 357 48 228
621 172
622 317 140 116 254
623 253
624 404
625 261 241 160
626 138 399 355
627 942 59
628 111 646 297
629 3
630 289 340 57
631 275 379 719
632 809 85 9
633 336 291 240 55 357 278 1446
634 23 331 51
635 288 632 114
636 497
637 390 32 316 888 277
638 261
639 444 474
640 491
641 925
642 129
643 169 160 226
644 143 885 33 502 107 157
645 231 309
646 367 982 52 28 1113 67 244
647 582
648 354 21 652
649 280 314 231 275 17 9
650 349 957 44 1193 244 155 510 1016 231 1568 220 117 616 748
651 452
652 501 277
653 652
654 293 356 174 253 11
655 359 920 1108 4
656 652
657 302 138 568 143
658 550 257 0 801
659 355
660 82 51 351
661 564 377 35 697 77
662 314 76 288
663 357
664 93
665 428
666 600
667 420
668 146 96 93
669 93 156
670 1384 174
671 278
672 101
673 387
674 470 676 1049 1114 206 547 307 43
675 216 734
676 1104 799
677 713
678 1023 585
679 50
680 57
681 438
682 190 710 54
683 416
684 33 229
685 199 476 384 1108
686 39
687 1114 814 209
688 98 357 694
689 64
690 471 1090 359 169
691 512
692 289 651 96
693 76
694 103 530 1076
695 884 199
696 124 202 673 35 969
697 571
698 497
699 0
700 1575
701 1017 135 376
702 320 217 911
703 10 236 854 956 194
704 511 357
705 178 113 320 308
706 191 320 748 311
707 103
708 1397 1016 342 22 1072 111
709 511
710 48
711 91 165
712 339
713 71 1103 251 472
714 139
715 305 150
716 403
717 873
718 278
719 491 114
720 391 938 506 268 85 54 357
721 289
722 116
723 1078
724 985
725 139
726 568
727 94
728 62 51 462
729 72
730 480 173
731 94
732 1022
733 209
734 649
735 770 281 298
736 618 247
737 751
738 156 189
739 361 512 33 100 1259 203
740 367
741 261
742 613 64 92 408 120 173 9
743 112 160 438
744 296 367
745 241 76
746 94
747 181 77 85
748 124 253 154 867
749 311 25 657
750 256 646 408 629
751 50 630
752 573 599 1280 562 59 829 666 239
753 570
754 355
755 751
756 446
757 100 65
758 580 112 1105
759 98 23 48
760 488
761 11
762 252
763 8 25
764 23 72
765 197 51 64 208
766 76
767 214
768 113 153 357 240
769 320 135 33 456 60
770 376
771 452 76
772 571
773 143
774 878 529 859
775 240 165
776 82
777 777 389
778 1522 751 497 1261 1098
779 357 230 342
780 719
781 176 132
782 288 256 203 200 1068
783 94
784 180 64 368 293 10
785 671 353
786 950
787 23
788 48
789 725
790 283 189 618 251 56 99 81 203
791 28 219 633 130
792 123 893
793 162 1048 731 303 981
794 88
795 209 94
796 94
797 321 1097 1020 235 928 1095 913
798 346
799 156
800 242
801 687
802 45 165 355 649 1258 877
803 471 181 329
804 5 86 360 174 354
805 491
806 404
807 280
808 153 256 202 366
809 652
810 993 403
811 652
812 324
813 360
814 963 401 801 496
815 402 862 416
816 116
817 1127 482
818 156
819 1241 1177 622
820 25 46 1128
821 239 110
822 642
823 63 58 630
824 261
825 240 442 357
826 60 730 314 1219 189 611
827 59
828 71
829 48 584
830 115 48
831 440 389 454 173
832 143
833 608
834 613 146
835 437 220 71 692 23
836 252 280
837 844 1113 1517 433 178 1214 111 732 91
838 416
839 899
840 497
841 614 256 1051
842 590 178 190
843 433
844 197
845 511 103 809 531 93
846 273
847 382 393 298 40 1076
848 200
849 103
850 289
851 856
852 174
853 719
854 608
855 355
856 982 108 294 155
857 50
858 325
859 815 103 497
860 16 681
861 652
862 11 121 748 155 1016 23
863 336 24
864 475 120 307 93 1036
865 1464 818
866 747
867 729 208 1076 1097 229 222
868 359 739 61
869 561 1060
870 319
871 335 16
872 183
873 311 91
874 360
875 127 890 644 405 469 573 150 797
876 65 488 273
877 681
878 615 190 695 7 22 247
879 94
880 390 88 157 719 574 530
881 209 121 135
882 8
883 741 100 479 4 356
884 25 321 116
885 23 229 652 62 855 965 431
886 147
887 1046 135 283 144 76
888 321 75 622
889 152 1023
890 82 385 22 656
891 172
892 925 243 1559 124 700
893 122 54 218 861 676 150 253 743
894 408 561 528 370
895 434 200 385
896 13 173 35
897 239 288 271
898 51
899 600 82 528
900 1067
901 357
902 207
903 174
904 209
905 1076
906 361 1063
907 657 808 388 64 93 794 244
908 919 98
909 65 488
910 82
911 102 377 1590
912 406 130 31 1190 570
913 226 549 67
914 140 706
915 389 21 140
916 0
917 156 215 217
918 695 177
919 928
920 853 82 532
921 27 101
922 622
923 71 305
924 29
925 185 723 368 1020 65
926 665
927 342 649 92 101
928 240 110 194 28
929 123
930 298 76 180
931 888 404 652
932 586
933 290
934 319 156
935 138
936 243
937 1054 336 676 828
938 172
939 862 152 786
940 116 5
941 116
942 179
