0 476
1 894 995
2 320 961 515
3 719
4 110 409
5 496
6 356
7 185 179 315
8 284 136 351
9 538 123 139
10 1229 972 816
11 403 390 283
12 549 347
13 244 117
14 76 65 333 683 274
15 240
16 901 908 389 787
17 549 510 242
18 1494 489 283 256 482
19 289 278
20 655
21 1155 1308 538
22 561 373 362 678
23 113 289 209
24 242 112
25 146 129 771
26 514
27 501 1206
28 483
29 725 462 669
30 31
31 314 52
32 178
33 357
34 1452 1154 22 270 1114
35 156
36 438 16 364 1234 938 502
37 1475 502 160 859 423
38 746 500
39 325
40 622 324 93 227
41 719
42 623 244
43 810
44 235 861
45 408 569
46 25 431 382
47 256
48 416
49 928
50 88
51 527 573 83 982
52 139 65
53 456 92 740
54 203 135
55 611 351
56 547
57 261 180 340 1119 421 31 526
58 102
59 24 256 936
60 846 86
61 1224 849
62 492 873
63 82
64 826 657 873 676
65 289
66 90 73
67 367 1126 844 1394
68 181
69 244 366 820 767
70 208 157
71 61 240
72 101
73 386
74 717 194 4 906 92
75 3 900 1176 422
76 56
77 399
78 305
79 244 1069 339
80 356 637
81 669 459
82 473 401 199
83 67
84 188 657
85 94
86 145 719
87 341 1124
88 221
89 979 366 217 119
90 623 98
91 158 100
92 457 1089
93 23
94 100 434
95 133 781
96 264 297
97 423 718 0
98 297
99 449 98 534 240
100 87
101 877 261 740
102 216 289
103 649
104 204 607 710
105 59
106 139
107 632
108 221
109 254 388 801 332
110 226 291
111 243
112 59
113 561 1177 244
114 911 893
115 166 706 68 134
116 153 177 293
117 534 690 32
118 81 1077
119 143 668
120 527 1167 94
121 669
122 247
123 325
124 340
125 157 332
126 524 16
127 160
128 113 99 264 336
129 464
130 438 254
131 320
132 1023 403
133 129
134 568
135 55 887
136 93
137 24 81
138 403 1028
139 567 341
140 491
141 1274
142 403 538
143 612 1049
144 93 363
145 76
146 164
147 156
148 30
149 70
150 27 923
151 94
152 329 160
153 969 420
154 268
155 497
156 275
157 153 8
158 8
159 39
160 406
161 487 1214 1143
162 331
163 671
164 347
165 287
166 751 960
167 1023
168 77 590 341
169 129
170 652
171 59
172 479 668
173 119
174 420 860
175 698 59
176 274
177 366
178 1016 67
179 220 919
180 423 446 546
181 324 76
182 53
183 508 225
184 403
185 32
186 24
187 638
188 807
189 1167
190 107
191 229 340
192 217
193 351 22
194 354
195 11
196 47
197 427
198 582
199 406
200 16
201 544 538
202 42
203 1034
204 22 357 291
205 30
206 141 340
207 978
208 512
209 432
210 413
211 84
212 176
213 408
214 488
215 71
216 280
217 340
218 512
219 50
220 512
221 861
222 577
223 1009 164
224 856
225 715 363 828
226 165
227 561
228 512
229 289
230 190
231 123
232 246 899
233 863
234 491
235 673
236 523
237 704 445
238 331
239 94
240 251
241 96
242 222
243 138
244 364
245 355
246 291
247 242
248 155 375 337
249 67
250 101
251 719
252 751
253 140
254 11 733 1090
255 1262
256 160
257 404
258 719
259 50
260 160
261 613
262 252
263 113
264 21 937 738
265 48
266 346
267 170
268 50
269 129
270 1219
271 707
272 56
273 302
274 484
275 156
276 719
277 891
278 30
279 431
280 254
281 188
282 243
283 390
284 404
285 598 335
286 9
287 116
288 94
289 123
290 39
291 652
292 1229
293 113
294 652
295 697 690
296 116
297 103
298 22
299 751
300 351
301 613
302 274
303 343
304 220
305 3
306 156
307 30
308 367 359
309 25 350
310 311 635
311 190 807 500
312 474
313 235 119 113
314 888
315 22 229
316 59
317 694
318 370 403
319 0
320 289
321 138
322 94
323 178
324 291
325 27 678 635 475
326 103
327 278
328 357
329 689 67
330 50
331 814
332 1156
333 1020 267 241
334 860
335 427 176
336 247
337 50
338 620
339 421 604 65
340 380 244
341 321 498 600
342 100 834
343 506 707
344 289
345 1159
346 555
347 899
348 176 109 243
349 114
350 595
351 30
352 135 251
353 110 149 356 98
354 511
355 353
356 531
357 325
358 657 222
359 568
360 367
361 886
362 217
363 51
364 85 321 1254
365 11
366 464 149 629
367 28
368 458
369 733 694 19 291
370 43
371 112
372 171
373 960
374 184 512
375 1056 91
376 182 199
377 1379 754 515
378 242
379 676 117 1016 534
380 731
381 62
382 719
383 139
384 173 557 816
385 107
386 873
387 704 1277 390 233 199
388 681 480
389 491
390 572 403
391 357 35
392 75 423
393 213 347
394 142 244 471 771
395 135
396 48 1016
397 139
398 289
399 440
400 630
401 861
402 963 1293 1499 887 732 144 610 787
403 890
404 359 721 307 613
405 770 1244 923
406 638 359 801
407 608
408 960
409 614 202 321 1084 101
410 578
411 700
412 199
413 900 877 53 649
414 61
415 114
416 1195
417 452 324 1167
418 107
419 673
420 119
421 1003 936 923 233 86
422 59
423 97
424 214
425 188
426 427
427 608
428 95 773 382 365
429 94
430 914
431 456 228
432 152
433 175
434 418 82 173
435 119
436 289
437 296 698
438 719
439 839 614
440 217 209
441 781
442 35 718 146 726 583 730
443 251
444 427
445 459
446 93 877 307
447 77 7 52
448 7 192
449 497
450 91 76
451 129
452 630
453 277 99 200
454 500 254 48
455 302 647
456 445
457 565 647
458 1559
459 42
460 197
461 46 165
462 641
463 25 352 36
464 185
465 157 289
466 363
467 657 244 987 254
468 289
469 97
470 192
471 735 479
472 9
473 595
474 436
475 578
476 129 482 408
477 366 938
478 82 207
479 46 133 298
480 9
481 8
482 660
483 24 25
484 420
485 1166 608
486 458
487 209 533
488 225
489 64 36 527
490 123
491 272 76 493
492 367 61
493 750 88
494 244 97
495 188
496 226 302 124
497 668
498 45 769
499 309 361 220
500 726 433
501 206 367 435
502 288
503 511
504 88 155
505 256
506 1280
507 594
508 229
509 9
510 491
511 983
512 140
513 238
514 305
515 944
516 226 117 613 544
517 51
518 643
519 552 56
520 360
521 174
522 293
523 757 240 111
524 50
525 793
526 42
527 82
528 506 88
529 568
530 632 637 1307
531 508 56 882
532 247 153
533 512
534 108 977 376 184 693
535 59
536 367 657
537 155
538 285 247
539 1028 768
540 226
541 280
542 767 471
543 1067 364
544 885
545 444
546 629 311 199 92
547 339
548 90
549 150
550 452
551 102 100
552 186
553 35
554 107
555 302
556 1271 783 93 112
557 1077
558 614 629
559 570
560 88
561 357
562 567
563 190
564 403
565 635 595
566 1196
567 145
568 357
569 434 211
570 23
571 807
572 1210
573 483
574 333
575 85
576 358 515 989
577 0
578 574
579 208 22
580 618
581 242
582 239
583 595
584 337 1202 336 47
585 157
586 665
587 431 220
588 138
589 357
590 668
591 175
592 186
593 357
594 274
595 182
596 418 221
597 652
598 1260
599 173
600 628
601 501
602 820 547 748
603 361 460
604 566
605 361
606 1116
607 1164 94
608 1203 249 504
609 327
610 985
611 329 599
612 42
613 100 215
614 98
615 81
616 239
617 542 190 544
618 160 556
619 361
620 388 135
621 139
622 938 227
623 561
624 47
625 567 438
626 50 460
627 311
628 646 253
629 84
630 156 501
631 449 471
632 413 745
633 125 604 350 239
634 119 176
635 405 356
636 42
637 241 49 291
638 252
639 288
640 652
641 298
642 340
643 66 506
644 105 704 450
645 321
646 1086 94 144 628
647 512
648 290 86
649 79 468 458
650 407 406 126 553 256 895 592
651 123
652 942
653 289
654 837 467 930
655 4 172
656 594
657 734 944
658 295 273
659 22
660 202 682
661 687 5 264
662 544 284
663 695
664 138
665 574
666 554
667 751
668 217 208
669 491
670 139
671 51
672 265
673 68
674 413 152 177 11
675 241
676 447
677 0
678 214
679 174
680 188
681 487
682 98 527
683 23
684 856
685 93 107
686 691
687 510 893
688 693 699
689 101
690 1492 99
691 30
692 217 45
693 39
694 995 180
695 431
696 87 1575 136
697 367
698 491
699 497
700 491
701 348 1104
702 543 777
703 320 531 308
704 42
705 875 192
706 324 59
707 715
708 506 1016 307
709 815
710 722
711 403
712 339
713 11 484
714 350
715 280
716 203
717 719
718 862
719 391
720 155 17 149 734
721 652
722 143
723 842
724 554
725 1405
726 274
727 67
728 309 112
729 1416
730 238
731 491
732 67
733 156
734 297
735 1114 57
736 11
737 50
738 652
739 98 275 315
740 360
741 30
742 476 149 77 1159
743 217 22
744 357
745 230
746 944
747 67 124
748 734 293
749 877 291
750 758 51
751 960
752 338 1042 111 13
753 343
754 76
755 103
756 446
757 939
758 188 221
759 366 302
760 256
761 156
762 851
763 471
764 348
765 64 366
766 76
767 274
768 1108 293
769 604 43 329
770 361
771 1023
772 221
773 116
774 217 109
775 94
776 406
777 155
778 1225 1117 1328
779 113 413
780 960
781 770
782 264 608 333
783 364
784 934 731 192
785 519
786 585
787 256
788 1022
789 111
790 9 1276 647 20
791 200 479
792 233
793 576 438 1019
794 652
795 0
796 94
797 96 295 290 180
798 578
799 289
800 501
801 942
802 1573 226 229
803 510 740
804 573 781 1113
805 491
806 269
807 568
808 719 817
809 23
810 240
811 570
812 211
813 652
814 82 714
815 461 56
816 652
817 406
818 103
819 320 7
820 101 256
821 864
822 1251
823 8 89
824 223
825 557 546
826 494 260 157
827 240
828 928
829 340
830 222
831 492 61
832 357
833 39
834 670
835 877 777 669
836 143
837 15 264 20 317 363
838 745
839 627
840 1042
841 337 321
842 540 584
843 277
844 209
845 570 203 499
846 200
847 240 59 225
848 134
849 1199
850 950
851 299
852 331
853 1341
854 103
855 840
856 798 275
857 143
858 630
859 353 652
860 895
861 251
862 1445 356 375
863 24
864 787 314 102
865 254
866 404
867 247 390 310
868 71 156
869 492
870 561
871 24
872 0
873 88
874 570
875 660 204 600 701
876 550 574
877 152
878 543 825 338
879 357
880 586 592 562
881 528 434
882 460
883 547 906 1228
884 567 443
885 408 274 1097 364
886 888
887 81 474 26
888 98 320
889 171
890 157 531
891 228
892 942 1600 502
893 557 1260 727 425
894 59 725
895 305 704
896 111 220
897 457 22
898 1106
899 452 174
900 665
901 138
902 213
903 174
904 600
905 723
906 173
907 132 149 573 9
908 105
909 216
910 719
911 546 733
912 105 616 387
913 99 344
914 188
915 188 23
916 213
917 117 157
918 96
919 389
920 532 348
921 676
922 30
923 76
924 371
925 488 144 271
926 460
927 357 142
928 165 408
929 719
930 102 228
931 297 289
932 372
933 30
934 107
935 289
936 156
937 366 75
938 416
939 1264 172
940 387
941 129
942 452
