0 48 368 298 42 84
1 321 459 296 916 51 186 444
2 247 1619 774 112 431 102 497 96 244 254 257 423
3 652
4 94 199 30 260 320 65 528
5 58 181 28 37 408
6 101 48 357 288 403
7 91 423 487 382 652 482 354 43 84 496 174 623
8 56 135 134 0 216 356 1138 144 715 138 80
9 4 46 415 86 1206 1009 443 94 614 193 99 66
10 796 630 413 691 48 987 345 198 193 82 399 744 354 812 649
11 698 841 240 942 566 298 363 200 185 100 1113
12 95 573 53 404 311 240 173
13 116 670 97 254 573 754 740
14 665 1196 403 293 297 29 860 1180 792 622 617 15 199 260 647 568 830 437 525 180 341 1076 23 1159 360
15 240 257 163
16 137 109 329 315 52 221 117 260 374 787 888 220 592 767 199 253
17 1101 1265 1182 1070 336 155 514 602 953 200 328 480 64 590 69
18 470 568 160 844 1326 185 900 600 144 618 178 1067 989 546 1125 342 939 232 483 740 385 319 1162 593
19 704 516 61 139 48 695 76 583 100
20 1066 693 162 413
21 807 1167 772 330 654 1216 336 1126 217 601 216 30 432 590
22 735 547 698 926 238 940 320 361 100 494 517 476 293 31 574 197 229 226 438 1071
23 360 235 33 830 92 23 320 139 165 131 218 557 69 294
24 32 363 204 602 416 167
25 434 172 141 21 200 23 432 300 1244 211 116
26 242 1006 340 1206 85
27 105 399 574 48 500 157
28 29 48
29 130 301 635 45 11 409 513 445 94 465 1003 433 199 6
30 289 35
31 30 571 296 23 211 1276 357 239
32 320 56 33 471
33 22 1104 96
34 1136 1146 932 490 1327 1350 1652 298 1379 76 1472 1629 1023 934 665 997 88 42 1034 620 713 1286
35 404 59
36 1014 424 140 549 971 722 325 450 878 15 26 698 333 208 893 108 153 869 794 47 298 315 155 247 559 101
37 469 578 115 111 303 340 35 288 144 307 657 450 329 60 502 394 76 367 81 188 1514
38 231 112 48 449 235 251 460 501 241 256
39 491 243 755
40 567 269 92 1047 967 480 719 361 394 260 423 213 200 1142 76 333 695 515 57 678
41 751 663 403 1006
42 773 881 165 357 22 874 95 360 355 278
43 407
44 200 462 667 140 499 146 190 656
45 681 531 293 695 719 48 52
46 965 719 499 199 310 479 425 120 427 64 181 244 60 155
47 82 119 209 647
48 82 102 873
49 860 1167
50 220 364 156 472
51 59 586 469 803 49 622 973 249 30 631 52 956 870 144 180 188 251 395 546 432
52 504 216 573 118 181 456 172
53 622 889 945 556 328 698 155 337 366 1092 389
54 546 218 438 141 67 119 311 53 474 633
55 135 623 48 321 482 613 229
56 30 200 231
57 592 1050 307 985 922 394 491 1398 280 363 452 818 268 923 822 732 565 70 51 900 1022 912 1250 1016 142 599 423 513 838 219 316 7
58 220 364 107
59 361 852 190 423 225 622 754 1646 326 471 155
60 199 116 111 48 443 76
61 10 143 361 809 552 403
62 366 357 471 697 599 232 948 275 124 326
63 432 147 740 552
64 447 32 737 247 814 628 614 138 196 308 1054 150 834 165 39 328 482 651 140 532
65 890 138
66 112 607 389 949 709 1348 300 540
67 116 618 479 124 200 53 939 163 217 1056 220 621 190 989 65 210 1077 137 297 118
68 357 71
69 405 1383 64 1531 820 547 504 455 542 496 743 924 323 365 208 577 63 367 732 1036
70 746 226 94 154 895 218 200 148 769 1540
71 734 497 449 550 329 7 548 13 320
72 482 731 793
73 471 492 862
74 219 148 298 94 351 645 1275 897 1110 7 499 1195 850 893 1139 378 607 704 49 24 574 476
75 149 161 1328 1057 139 531 427 614 394 481 836 306 608 101 308 167
76 513 423 474 647
77 758 42 458
78 242 152
79 28 798 107 1385 753 664 1060 190 693 299 815 787 754 319 249
80 1016 514 81 240 678 971 69
81 146 111 895 274 186 283 21
82 754 202 117 2 1178 61 329 403 307 406 920 273 695 80
83 357 531 76
84 382 449 229 361 492 31 649 75 1182
85 195 180 339 387
86 54 401 414 129 376 229 280
87 221 867 356 226 511 222 138 496
88 107 342 754
89 646 55 194 794 60 1112 1265 609 79 409 730 527 140 114 389 431 830 64 200 83
90 19 390 321 568 100 16 232 6 629 132
91 113 239 221 229 479 21 67 403
92 1047 364 474 692 132 506
93 52 864 367
94 860 105 84 474 656 67 150 982 1076
95 710 285 83 348 818 610 160 209
96 357 48 363 502 154 247 432 514 465
97 67 748 447 199 160 188 445 335 226 9 710
98 306 289 139 137
99 503 171 90 403 1127 655 767 160 65 173 10 291 546 135 247 740 51
100 427 732 289
101 230 567 110 225 547 702 315 389 261 273 88 404 220 913 91
102 552 51 911 888 9 240 275
103 315 9 30 498
104 781 48 819 82 242 543 863 710 141 24 12
105 174 497
106 51 188
107 611 401
108 568
109 351 113 91 472 458 1237 462 292 479 303 467 829 180 496 432 651 861
110 820 9 345 513 100 179 125 504 978
111 95 28
112 135 278
113 502 184 56 133 136 217 1127 367 544 1155 767 202 852 236
114 501 289 413 76 16 676
115 9 864 640 280 178 1013 768 1320 253 142 663 863 1143 809 491 256 456 51
116 392 1091 164 781 75 130 748 209 516 143 298
117 730 706 953 239 549 194 121 58 499 662 770 556 21 1272
118 139 81 51 200 179 1054 229 832 777 135
119 364 1200 280 22 360 82
120 51 147 476 707 947 46 568 623 144 1126 196 1394
121 138 132 719 321 695
122 209 355 156
123 242 220 9
124 888 23 423 882
125 550 360 342 98 199 4 25 414 936 660
126 434 674 67 706 717 219 146 524
127 33 288 59
128 33 374 112 537 567 35 390 635 694 209 231 460 601 597 664 289
129 86 306 656 176
130 601 249 646 251 884 226 2
131 84 240 635 199 767
132 22 94 50 268 280 1224 350 934
133 630 666
134 280
135 503 277 1540 261 219 801 197
136 0 5 329 433 408
137 552 229 192 435 1016 834 473 707 1217 281
138 374 283 48 297 538 173
139 612 295 613 534 240 403 229
140 487 48
141 261 960 890
142 456 632 288 523 491 256
143 33 860 76 404 305 8 51 288 355 165
144 211 1017 435 814 71 485
145 863 242 1035
146 57 781 275 100 39
147 243 612
148 491 307 599
149 512 273 597
150 543 45 417 357 119 0 423 359 258
151 960
152 28 66 518 592 509 973 471 866
153 502 168 101 666 240 155 157 94
154 274 94
155 4 77 629
156 67 695 734 260
157 324 647 669 63 1073 333 156
158 45 56 622
159 1229 420
160 139 195 82 1034
161 229 393 339 347 209 460 404 340 619 203 48 1108 100
162 156 325 42
163 380 719
164 171 599 111 471 480
165 861 452 1219 700
166 1077 72 360 135 187 608
167 376 268
168 472 78 207 119 561 318 203 1126 1180 1276 647
169 839 1120
170 42
171 1023 881
172 347 418 235 456 242 403
173 935 156 119
174 116 40 477 152 1023 370 228 668 41
175 311 156 256 144 630 59
176 84 205
177 693 11 14 208
178 357 30 1012 360 220 390 577
179 139 273 919 239 200 914 28
180 504 369 540 226 116 188 209 778 78 363 172 978
181 51 314 366 203 431 156 604 816 102 543
182 488 356 288
183 702 502 225 440 260 508 767 128
184 51 674 719 76 297
185 30 320 347 67
186 172 305 930
187 168 70 346
188 860 0
189 371 165
190 107 28 185
191 436 138 914 39 652 209 301 124
192 405 117 355 80
193 808 109 22 11 647 81 287 42
194 243 474 635 581 42
195 577 652 381 135
196 511 860
197 614 409
198 205 274
199 525 613 406
200 387 0
201 23 622 413 135 683 85 260
202 568 1231 860
203 387
204 121 24 231 717 75 1016 617 444 11 22 434 20 180
205 67 186 3 321
206 76 440 719 834 403 340
207 773 589 200 437
208 568 863 380
209 287 96 98 1006
210 11 572
211 252 0
212 851
213 260 112 1086 678
214 357 48 529
215 0 744
216 346 156
217 1196 277 197
218 130 156
219 519 608 339
220 8 251 188
221 695 23
222 112 22 340 139
223 339 149 92 227 1009 408
224 491 657 391 593
225 309 67 347 171 887 754 390 860 359 374 219 796 181 337 715
226 199 359
227 310 377
228 630 76 129 360
229 570 274
230 357 188 100
231 445
232 1194 656 203 139 893 22
233 842 42
234 436 339
235 169 48
236 22 403 504
237 97 661 1013 652 180 143
238 1159 1482 235 425 7
239 94 150
240 491 243
241 403 150 620 339 314
242 693 139 355 29
243 138
244 59 855 719
245 321 623 472 264
246 377 423
247 862 139
248 171 113 723 219 57 155 181 218 1244 877 471 816 1151 351
249 48 101
250 111 98
251 3 842
252 51 427 94 736
253 623 16 239 423
254 989 690 602 1354 888 88 55 101 537 134 1115 320
255 48 864
256 239 188
257 652 582
258 156
259 695 715
260 321
261 119 348 403
262 1231 47 997 1200
263 42 497 156 672 168
264 467 336 613 862 199 1104 200 600 309 1148 297 372 25
265 400 147
266 183 842 1281
267 59 170
268 668 1103
269 280 251 1166
270 59 392 251
271 1022
272 254 65
273 357
274 207 944
275 261
276 59 261
277 420
278 217 11
279 160 53
280 502 652 160
281 178 216 517 491 165
282 97 751
283 856 623 199 600
284 51 11
285 396 260 201 123 644 135 389 359 862
286 209 13 100
287 357 139
288 102 652
289 369 157
290 1121 280
291 267 404
292 404
293 43 374
294 48 652
295 37 209 1069 276 703 695 288
296 360 138
297 97 129
298 652 130
299 491 103
300 365 506 408 502 48
301 413 861
302 243 88
303 665 251
304 357 30 69
305 511 339
306 143 484
307 129
308 357 1047 719 100 503 566 599 709
309 72 215 589 125 348 216 335 456
310 363 543 190 1079 622 1020 326 273 368 21
311 722 354 287 469 499 570 864 273 199 225 62 25 980 613 178
312 262 443 1004
313 76 408 252 187 730 357 1107 110 505 660 694 88 22 587 421
314 496 203 273
315 587 567 289 31 320 590 935 306
316 502 770
317 562 190 23 346
318 119 423 24 971 347 476 171 188 1018 265
319 57 280 357 446
320 339 360
321 371 1416
322 94
323 471 28
324 221 491
325 512 51 635 203 770 750 273 873 72 229 801 1054 587 1120 25 1473 316
326 404 129
327 132 872 427 72
328 88 188
329 94 555 834 682 823 64 332
330 156 97
331 268 51
332 561 99 179 856
333 231 936 21 1182 305 288 77 460 4 535 622 475 356
334 289
335 176 107 496 649 225 1216 72 739 730 499
336 20 357 136
337 59 860
338 1280
339 828 781 1023 695 267 91 236 23 52 16 188 272
340 99 189 512 309 244 46 124 1063 152 135
341 10 1105 465 102 289 99 629 682 90 23 522 323
342 296 278 135 931 64 98 972 549 317 740
343 110 116 280 49 244 190 307 656 433 299
344 719 395
345 209
346 656 502
347 387 1104 413
348 133 1201 124 485 102 156 299 134 48 150 574 330
349 1184 265 39
350 735 780 1120
351 660 100 256
352 98 406 496 538 187 693
353 684 669 373 81 296 368 321 236 381 773 188 115 347 465 1068 707
354 1231 97
355 251 138
356 464 400 600 96
357 1220 420
358 1106 496 297 610 750 600
359 88 873 682
360 181 321 99
361 213 74 860
362 74 149 48
363 571 734 51
364 613 555 100 204 866 552 273 1016 440 19 405 363
365 357 48 1165 311
366 906 153 1067 577 464 123 111 730 416 762 695 456 253 862
367 155 420 311 60
368 75 403
369 540 525 21 314 623 26 309 293 460 156 1063 423 282 1068 208 202 853 251 709
370 886 692
371 129 59
372 532 750
373 719 152
374 1265 471 254 753 875 98 307 21 160 466
375 801 652 783 357 852 330 315 307 276
376 153 447 165 726 49 443 262
377 781 954 480 538 145 992 488 124 153 513 399 179 225 48
378 136 1127 48
379 739 342 876 35 59 216 230 320 1056 513 168 640 26 206 400 85
380 491
381 492 839
382 48 94 340
383 1036 188
384 165 1151 7 355 308 333 356 857 311 436 729 583 419 834
385 319 638 48 568
386 156 289
387 837 1158 143 1028 490 298 886 1006 646 345 225 1309 434 216 78 455 244 621 911 510 936 931 748
388 695 509 960 57 152 129
389 76 132
390 23 364 111 102 778 683 1110 155
391 618 217 546 247 111 1031
392 431 98 155 982 367 580 968 87 190
393 295 595 355 48 297 56
394 79 363 355 973 647 296 11 328 278 334 431 1367 351 121 76 18
395 814 370 22
396 72 139 254 347 185 361 251 140
397 85 538 67 28
398 129 289
399 23 244 22
400 156 325
401 23 59 502
402 1108 1118 987 1169 730 100 121 692 18 1341 435 735 1543 767 181 8 1026 234 120 117 361 773 732 423 1009 926 1337 290 318 1415 379 1404 894 262 383 389 1107
403 252 339
404 506 341 342 945 732 1115 173 311 657 1079 74 920 692 30 562 660 884 175
405 421 242 100 571 9 923 21 876 13 55 317 91
406 355 479 137 292 547 107 665 1428 1090 484 198
407 252 103 511
408 57 491 242
409 363 833 52 587 365 746 96 1106 51 447 1028 1309 1356 1067 291 16 1118 752 120 734 945 152 172 383 554
410 719 213
411 652 397
412 52 367 1546
413 678 510 331 482 861 781 293 817 67 589 80 738 469 1073 189 544 1114 217 10
414 23 209 307
415 289 242
416 617 57 1195 305 211
417 368 350 1044 239 900 1341 801 199 482 296 462
418 652 380
419 111 216
420 751 455 183 427
421 169 251 283 520 153 9 112 753 474 347 184 504 85 173 452 137 368 473 36 136 43
422 511 138 84
423 1243 97
424 214
425 815 357 59
426 86 446 22 76
427 209 48 153 112
428 29 321 1197 862 307 414 28 1357 328 942 822 10 364 705 174 187 507 105 276
429 138 297
430 65 750 982 52 360
431 228 543 492 667 614 100 307 364
432 655 199 652 180
433 175 88 876
434 473 382 75 1004 540 526 99 557 578 238 561 93 432 98
435 150 652
436 289
437 229 413 60 209 59 87 543 146
438 66 600 652
439 102 862 861 42 72 719 22
440 145 22 306 423 86 745 357
441 198 377 510 676
442 821 740 812 91 757 828 445 818 730 226 64 418 96 1179 1100 216 746 453 7 583 1403 63 1028 574 762 0 612
443 138 851
444 652 682
445 851 960 899 578 891
446 169 707 873 315 359 1056 35 59 888 550 571
447 547 860 297 465 427 20 113 951 23 1355 65 99
448 554 518 527 893 194 822 102 869
449 229 94
450 471 649 22 188 216 199 349 767 181 48
451 380 502
452 1120 346
453 320 2 590 1383 130 415 82 471 693 469 465 619 253 46
454 492 647 3 856 48 287 794 977 379 569 1119
455 452 427 241 93 568 111 498 340 101 500
456 445 1023
457 152 240 67 652 176 260
458 432 1022 643 156
459 568 207
460 427 209 86
461 525 135 697 619 1206 93 101 160
462 317 214 499 97 231
463 352 166 413 160 814 530 431 199 629 1101 232 738 156 796
464 408 795 492 169
465 534 1504 781 16 595 501 102
466 363 433
467 795 693 20 258 502 432 56 556 35 283 394 195 389 247 171 176 80
468 538 239 867
469 289 665 0
470 576 252 557 59 32
471 202 329 155 979 102 171
472 722 132
473 600 695 534
474 100 183 152
475 652
476 403 9 600 28 113 24 474 135 236 390 510
477 247 117 253 268 936 113 252
478 179 97 280 452 1293 209 781 189 174 177
479 64 613 746 629 615 814 834 390 357 973 368 886
480 94 9
481 303 528 632
482 260 160 660
483 206 111 110 307 646 115 863
484 534 67 597
485 1436 719 671 1225 839 289
486 502 49 51
487 1054 533 187 528 29 357 436
488 275 449 100
489 321 946 225 837 197 13 858 328 11 51 947
490 778 447
491 829 633 444 432 303 377 549 556 586 971 409 209 35 559
492 376 571 230 185 540 251 561 190
493 356 533 124 506 188 267 295 203
494 719 99 652 936 404 100
495 140 665
496 22 299 745 1016 310 587 138 1295 552 15 94 156
497 594 578
498 1028 167 264 747 91 33 27 623
499 413 1349 583 118 103 549 511 526 364 493 109 94 502
500 506 556 111 94 156 100
501 296 621 264 288 801 171 99 320 820 652 365 100 888
502 691 143
503 86 71 280
504 697 49 30 1257 391 573 547 103 571 87
505 361 107 102 92 1016
506 585 420
507 0 1202
508 254
509 614 22
510 357
511 87 1019 1375 550 817
512 419 85 166 873
513 252 103
514 254
515 143 59
516 319 697 987 513 69 687 707 469 30 91 80 22 546 7 971 25
517 452 11 370 855
518 67 514 150
519 413 305 320 171 801 293 704 152
520 666 94
521 261 719 1398
522 152 293 433
523 22 948 25 71 930 0 769 151 1017 1183 343 99 890 905
524 216 160 465
525 761 793
526 890 138 289
527 849 188
528 290 56 21 98 431 599 333
529 183 0
530 435 241 52 633 216 278 309 1077 750 228 864 226 243
531 27 828 318 284 111 652 802 289 132 687 462
532 817 256 35 966 8 433 338 101 69
533 855 403 62 302
534 1105 746 646 378 517 186 285 367 433 58 119 290 1401 20 153 284 63 432 1039 1069 423 1088 618 731 989
535 228 24 195 552
536 488 832 1294 1445 321 412 683
537 1180 48 156 390
538 479 216 124 683 3 169 568
539 347 97 5 313 21 537 244 283 1020
540 35 569 942
541 404 630
542 536 690 613 33 190 262 740 277 0 226
543 93 399 357 214 183 750 48 278
544 858 719 771
545 169 101
546 80 465 111 734 94 35 342 334 296 1036 96 196 698 5 751 177 615
547 84 719
548 226 241 546 480 356
549 1106 174 443 445 305
550 340 305 139 392
551 366 633 904 67 423 228
552 11 1538
553 124 856 321
554 221 476 183 52
555 603 9 77 127 48
556 618 513 571 91 1016 500 85 92 232 347 257 629 942 1257 649 261 39 356
557 176 706
558 321 32 801 936 239 139 8 52
559 570 457 242
560 132
561 842 0
562 299 66
563 156 695 185
564 188 59
565 101 900 300 496 479 657 93 1026
566 22 355 404 0
567 99 528 28 77
568 119 355
569 160 28 321 480 30 559 12 51 437 212
570 28 23 97 366
571 652 807 466
572 156 860 404
573 483
574 51 199
575 51 1237
576 182 513 573 91 989 291 55 509 649 367 549 244
577 519 1002 715 84 1116
578 436 56 28 540
579 21 256 180 354 149 1320 629 100 155
580 168 262 751 210
581 233 652 85 156
582 622 276 85 240 160
583 355 502
584 950 648 150 418 1084 96 29 114 178 240 336 297 256 1246 229 77 129 1002
585 278 156 269
586 289 355 873
587 195 7 424 190 175 762 510 853
588 693 601
589 97
590 243 71
591 82 302 971
592 50 751 652
593 57 568
594 530 360
595 116 182
596 531 351 577 418 544 803 354 30
597 274 23
598 476 347 196 155 53
599 22 30 297 289 280
600 458 357 140
601 393 331 955 48 1023
602 155 139 292 433 771 156 367 408 531 703 571 245
603 599 600 567 502 371 431 544 216 234
604 449 403
605 25 326 357 216
606 280 554 183
607 883 558 1026 1164 0 678
608 1016 173 670 864 209 93 783 25 469 973 357
609 172 24
610 552 39
611 517 15 852 561 482 138
612 814 404 42
613 138 25 471 309 403 232
614 33
615 801 356 216 229 370
616 440 35
617 291 475 758 718 879 423 479 864 288 1260 253 247
618 180 95 613 456 470 404 231 643 525
619 188 373
620 88 935 534 630 138 427 445
621 652 22
622 196 190 209 59 504 320 110 812 403
623 51 303 16
624 928 810
625 261 46 174 256 176 638
626 117 297 420 21 276 366
627 50 910 670
628 160 614 1016 435 895 471
629 376
630 135 16 267 289 336 1558 242
631 88 66 492 289 308 914 718 16
632 164 668 1104 239 30 416
633 218 1143 99 504 49 638 468 1062 792 206 167 576 936 65 709 1128
634 1084 138 1560 1182 57 331
635 239 247 500 632 504 39
636 668 115
637 495 888 165 528 863 285 447 692 100 182 302
638 652 1000
639 267 247 231 403
640 186 97
641 928 695 305
642 771
643 30 361 423 337 173 506 262
644 135 253 657 764 604 113 209 693 1034 146 394 332 417 1251 41
645 433 652 273
646 311 28 321 215 1168 102 77 24 895 158 1037 94 900 231 480 651
647 582
648 200 299 165 340 977 1016 9 1082
649 87 677 1073 315 17 190 555 513 119 78 490 73 567 194 531
650 470 1268 329 126 1094 1500 217 297 293 873 670 244 346 1022 1003 214 1615 327 95 863 528 199 5 1264 1635 51 1179 1226 270 342 239 1232 661 47 623
651 119 86
652 180 341 356 179
653 890 491
654 817 831 249 253 164 338 914 339 19 120 328 146
655 311 178 46 254 288 273 172 431 361 496
656 3 1343
657 347 266 100 1018 357 594 565 876
658 730 405 80 65 155 675 11 181 527
659 0 404
660 97 9 242 544 278 1018 840 23
661 1149 623 649 989 406 74 538 117 273 57 657 22 492
662 801 273 99 275 240 365
663 222 298
664 657 404 623
665 239 173
666 652 491 842
667 97 652
668 408 373 369 783 1101 297 861
669 511 0 57 355 1138
670 719 214 48 325
671 188 9
672 268 799
673 116 139 793
674 291 169 862 801 162 510 1260 356 746 197 1027 668 476 651 732 413 516 102 309 1257
675 100 94 48 423
676 204 447 423 1104 794
677 331
678 339 188 116 251
679 356 94
680 197 415
681 85 94
682 1446 649 1019 155 614 76
683 76 416
684 77 240 297 100
685 360 862 22 702 516 242 184 703
686 755 1117
687 627 252 188 823 177 960
688 124 56 496 185 538 518 103
689 629 30 538
690 438 557 51 758 1397 864 783 99
691 57 67
692 196 135 464 111 1348 471
693 188 420
694 464 305 22 432 135 274 1219 1013
695 723 1127 214 183 491
696 346 902 95 1145 989 100 175 466 132 316 449 611
697 169
698 59
699 824 404
700 114 1575
701 643 409 174 1172 119 443
702 589 456 1092 471 202 347 883
703 1054 1398 15 220 257 854 479 642 21 27 857
704 134 356 188 499 652
705 184 55 101 396 6 683 247 69 799
706 704 249 435 1114 253 676 895 135 158
707 652 807
708 94 173 244 1006 361 229 52 253 982 726 795 56 77 431
709 289 594
710 452 209
711 455 267 155 65
712 94 71
713 23 1364 540 115 274 223 171 425 190
714 849 614 1034
715 1036 209 512 1067 180
716 652 261
717 214 230
718 278 445 306
719 261 376 42 671 71
720 48 861 269 571 549 19 462 529 336 64 442 1019 556 681 221 99 21
721 695 48
722 156 23
723 511 666
724 261
725 666 106
726 24 143
727 242 51 11
728 277 273 456 292 190 309 405 144
729 72 274
730 59 178 6 11
731 209 138
732 138 243
733 406 305
734 307 4
735 432 407 371 597 23 427
736 508 23 695
737 751
738 130 51 452
739 329 707 229 538 324 139 1593 408 320 1079 570 30 173 323 289
740 502 147
741 42 357
742 420 196 171 77 436 1234 83 547 887 333 370 1013 540 140 178 555
743 51 92 33 389 284 57
744 101 217 100 188
745 240 1063 730 283 819
746 925 944
747 1054 438 594 363 155 557
748 425 960 165 867 573 296 377 492 130
749 1618 357 433 908 198 1155
750 59 253 646 288 22 280 695 474 748
751 42 719 964 1098
752 649 514 751 94 969 9 1226 1196 35 666 615 420 1082 1120 200 111 24 160
753 50
754 960
755 751 93
756 406 997
757 217 101 155
758 618 357 330 92 366 567 749
759 544 16 768 98 25 8
760 160 359
761 676 491
762 186 289
763 377 321 522 21
764 47 72 364 3
765 141 5 361 59 881 156 1110 37
766 802 357
767 608 47
768 649 433 471 240 359 699 884 821 56
769 357 61 408 657 362 573 576 869 32 200 307 1073
770 911 156
771 452 348 1023 24
772 460 657
773 22 119
774 1047 217 527 708 98 973
775 178 465 347
776 111 22
777 456 363 60 99
778 1519 269 1139 1229 644 1117 1576 94 1293 1504 585 995
779 431 23 144 428 136 113
780 261 47
781 82 85 88 94
782 240 94 490 136 381 298 569 144 46 212 48 288 1316
783 48 1123
784 7 669 477 354 403 204 526 336 293 158 947 193
785 268 608 183
786 608 269
787 94 408
788 432 57
789 239 173 260
790 513 1077 530 590 26 704 1116 983 31 1031 476 630 196 4 758 1276 462 724
791 284 607 178 105 710 219 238 332
792 22 140 370
793 283 123 149 5 841 219 692 424 731 1019 872 1594
794 585 97
795 1103 617 314 928
796 336 135
797 861 1097 7 28 503 571 272 852 467 336 293 256 417 364 5 92 164
798 380 174
799 0 71
800 119 1558 67
801 124 357
802 277 288 160 374 604 403 16 413 355 734 226 117 482 23
803 221 9 109 216 823 1054 289
804 98 523 139 1159 1062 86 471 1237 318 135 21
805 310 42
806 97 103
807 280
808 433 607 160 311 320 8 561 101 25 1077
809 209 24
810 423 278 567 905
811 156
812 1007 28
813 116
814 292 726 544 321 267 188 445 100 413 963
815 311 188 665 406 555 85 956 434
816 890 681
817 482 289 695 66
818 668
819 561 321 7 200 1046 474
820 618 111 317 1128 426 25
821 325 59 116 608
822 116 356
823 910 700 580 665 341 183
824 114 47
825 61 687 247 256 59 487
826 180 1070 267 322 904 22 1575 159 1266 1209 971 437 292 895
827 420 571 297
828 1166 269
829 719 1114 260 340 188
830 1036 977 9
831 638 229 21 965 98 610 235 401 384 517
832 156 51
833 39 268
834 683 321 102 347
835 503 100 692 354 102 403 940 28 368 293 65
836 287 860 855
837 93 307 0 720 827 401 258 475 834 1016 580 938 1211 657 200 703 1079 330 683 159 724
838 11 600 552
839 620 391
840 719 755
841 160 432 1107 30 863 462 442 9
842 311 35 85 867 107 587 158 217
843 261 292
844 1023 360 510
845 333 72 718 173 1036 1013 911 1670 103 1190 864
846 55 433
847 500 765 336 490 509 172 970 357 175 656 735
848 247 321 181
849 103
850 42 339
851 600 66
852 251
853 114 207
854 376 280
855 427 172
856 571 431 200 174 82 359 274 516 297
857 114 156
858 719
859 346 1116 1042 47 997 174
860 243 116 71 895
861 355 899
862 59 794 317 134 373 442 231 834 305 623 309 421 320 646 140
863 631 116 62 525
864 460 151 900 540 355 479 314 99 4 81 250
865 660 356 100 155 418
866 1284 360 1144
867 54 473 697 247 550 520 242 156 260 33 25 124 518 77
868 45 1398 261 116 476 695
869 37 518 649 56 42
870 169
871 76 172 353 195
872 243
873 280 973 269 91
874 97
875 415 742 765 491 97 684 607 158 129 861 196 160 328 836 674 544 150 332 192
876 71 32 694 508 512 638 856
877 130 552 665
878 39 730 55 1348 105 50 877 413 1168 231 367 764 864
879 336 647
880 633 380 305 1566 81 157 549 873 758 357 408 807 273 421
881 180 244 389 240 256 486 746
882 669 767 188
883 615 173 13 471 163 492 276 198 1066 371 374 288
884 13 231 433 1467 1179 32
885 84 401 1317 992 694 120 243 37 133 808 660 506 561 534 191 581 149
886 356 380
887 204 113 67 300 740 21 371 260 30 521 390 311
888 311 244 93 28 655 7
889 403 656 21
890 531 1517 200 181 102 698 443 432 311
891 647 22 348
892 333 197 638 1426 299 82 174 672 989 280 40 780 382
893 276 117 11 511 452 163 4 1179 55 16 99 556 1211 864 1407 329 100 203 1624
894 746 220 704 111 408 357 229 113 369 471
895 309 6 357 366 23 258 130
896 220 590 101 176 124 28 95
897 647 28 254 500 189 317 413
898 718 257 276
899 783 76 155 310 222 175 470 1210
900 873 860
901 305 88 124
902 691 261
903 600
904 855 289
905 409 934 501
906 337 56 399 351
907 31 492 861 457 249 62 351 53 908 794 401 797 730 299 48 527
908 725 963 55 160 702
909 694 216 329
910 165 273
911 1107 258 424 276 897 821
912 27 74 1190 623 644 269 325 0 131 501 357
913 321 291 253 181 309 160
914 135 613 406
915 502 111 178 330 49 1069 307
916 1405 511
917 529 5 231 309 456 998 357
918 523 96 577 531
919 169 98
920 85 113 526 953 709 363
921 160 179 101 1120 695
922 408 37 77
923 280 403 466
924 490 681
925 670 750 567 867 423 216 914 384 660 440 230 107
926 669 70
927 454 46 500 1072 660 363 117 135 757
928 373 139 267 54 895 734 100 614 190 244
929 123 289
930 572 413 1189 176 48 228
931 578 719 423 852 268 862
932 178
933 585 290
934 538 39 309 244
935 736 427
936 751
937 743 543 226 146 219 160 239 549 208
938 242 364 177
939 648 392 3 1161 1389 29 642 38
940 38 614 139 942
941 594 47
942 62 652
