0 1
1 62
2 484 427 281 124 477 168
3 545
4 565
5 581
6 604
7 24
8 612
9 617
10 528
11 388
12 37
13 633 688
14 10 707 27 950 61
15 12
16 621
17 611
18 9
19 976
20 150
21 176
22 622
23 133
24 615
25 294
26 4
27 1018
28 19
29 105
30 296 1060
31 9
32 612
33 53
34 1090
35 520
36 23
37 406
38 205
39 904
40 1114
41 344
42 1134
43 1136
44 21
45 1140
46 563
47 1146
48 1155 1214
49 544
50 19
51 14 358
52 21
53 112
54 0
55 106
56 442
57 53
58 1326
59 610
60 1251
61 183
62 528
63 205
64 615
65 138
66 1266
67 66
68 559
69 274
70 9
71 549
72 903
73 1393
74 611
75 53
76 709
77 498
78 133
79 800
80 112
81 129
82 1213
83 437
84 622
85 74
86 1093
87 1422
88 1424
89 205
90 564
91 1428
92 1213
93 21
94 1440
95 1460
96 1475
97 4
98 622
99 77 233
100 1097
101 543
102 1035
103 21
104 28
105 610
106 1508
107 1443
108 904
109 1514
110 9
111 205
112 498
113 1600 1221 1515
114 997
115 1005
116 904
117 380
118 1658 832
119 9
120 1035
121 1684
122 192
123 605
124 1069
125 567
126 13
127 275
128 622
129 11 31
130 51
131 1732
132 1096
133 205
134 1019
135 1135
136 21
137 1722
138 1096
139 1018
140 1502
141 1762 1074 1764
142 1028
143 133
144 553
145 563
146 1417
147 726
148 1155
149 1788
150 1440
151 878 113
152 1210
153 1483
154 617
155 544
156 447
157 324
158 9
159 564
160 10
161 1303
162 1845
163 614
164 567
165 106
166 566
167 567
168 878
169 621
170 515 1705
171 20
172 284
173 613
174 555
175 1016
176 105
177 993
178 53
179 1878
180 80
181 279
182 544
183 12
184 388
185 614
186 547
187 448
188 1003
189 232
190 326
191 19
192 459
193 1295
194 728
195 620
196 93 427
197 448
198 1217 23
199 106
200 611
201 555
202 1170
203 1973 998
204 1196
205 498
206 1028
207 389
208 388
209 1994
210 106
211 612
212 270
213 184
214 2156 1239 2166 352 90 720
215 547
216 12
217 717
218 2198
219 571
220 289
221 9
222 1028
223 21
224 1016
225 546
226 106
227 1778
228 565
229 904
230 954
231 1318
232 619
233 612
234 1517
235 280
236 6
237 392
238 6
239 1182
240 1127
241 611
242 1200
243 613
244 1091
245 1736 2283
246 75
247 326
248 1016
249 2182
250 547
251 266
252 1029
253 1342
254 21
255 717
256 569
257 510
258 563
259 280
260 1152
261 545
262 486
263 1019
264 1029
265 53
266 611
267 1289 338 1984
268 1029
269 744
270 24
271 478
272 547
273 21
274 41
275 106
276 465
277 567
278 611
279 311
280 510
281 564
282 1284 592
283 625
284 1104
285 614
286 1290
287 547
288 626
289 551
290 289
291 106
292 138
293 270
294 53
295 507
296 546
297 443
298 42
299 105
300 278
301 528
302 202
303 615
304 579 890
305 1761
306 53
307 1150
308 604
309 486
310 2425
311 2432
312 993
313 38
314 528
315 38
316 2438
317 1384
318 927
319 719
320 9
321 1009
322 1017
323 106
324 1097
325 1025
326 274
327 280
328 1083
329 958
330 247
331 21
332 380
333 88
334 205
335 544
336 596
337 88
338 1001
339 970
340 81
341 21
342 962
343 569
344 1226
345 610
346 91
347 1030
348 396
349 88
350 1606
351 389
352 270
353 30
354 388
355 553
356 567
357 21
358 1107 50
359 2506
360 613
361 24
362 2507
363 612
364 3
365 53
366 87
367 280
368 1144
369 1097
370 1393
371 1039
372 1431
373 21
374 9
375 1319
376 1678
377 962
378 1726
379 559
380 612
381 544
382 24
383 44
384 337
385 751
386 53
387 205
388 21
389 733 1504
390 528
391 1449
392 2555
393 610
394 2408
395 627
396 2569
397 334
398 614
399 547
400 270
401 622
402 1441
403 1094
404 9
405 1824
406 247
407 626
408 75
409 974
410 562
411 546
412 612
413 1097
414 389
415 562
416 613
417 615
418 605
419 1093
420 614
421 205
422 1387
423 21
424 1362 962 1010
425 613
426 106
427 548 868
428 149
429 528
430 2521
431 1472
432 1982
433 562
434 544
435 992
436 213
437 613
438 2612
439 388 2624
440 270
441 2647
442 9
443 544
444 106
445 2497 878
446 1024
447 224
448 1304
449 22
450 1900
451 1213
452 12
453 993
454 381
455 335 170
456 176
457 1127
458 442 17
459 614
460 1950
461 612
462 4
463 718
464 389
465 622
466 188
467 1066 2689 2296
468 626
469 505
470 555
471 338
472 552
473 1498
474 4
475 358 227
476 505
477 1040 676
478 9
479 555
480 76
481 24
482 1195
483 762
484 876
485 53
486 562
487 797
488 614
489 565
490 1151
491 315
492 656
493 24
494 1144
495 9
496 521
497 53
498 1742
499 551
500 1191
501 1374
502 481
503 21
504 2739
505 388
506 2357
507 1867
508 0 337
509 1420
510 741
511 607
512 228
513 93
514 2676
515 643 374
516 307 419 1390 472 271
517 1151
518 604
519 1366
520 610
521 613
522 112
523 9
524 656 170
525 66
526 53
527 522
528 86 1143 2036 1161 155 545
529 555
530 53
531 2922
532 2927
533 2945
534 2435
535 1319
536 1943
537 1548 2013
538 183
539 53
540 1206
541 1149
542 610
543 1815
544 900
545 618
546 1881
547 138
548 16
549 552
550 1963
551 83
552 528
553 2436
554 1671
555 1764 1334
556 2150
557 557
558 611
559 612
560 1086
561 1472
562 19
563 133
564 962
565 720
566 88 362 149
567 619
568 24
569 1337
570 611
571 610
572 209
573 1678
574 610
575 522
576 442
577 149
578 1017
579 88
580 1676 1440 2577 18
581 1741
582 604
583 42
584 498
585 1094
586 250
587 1583
588 9
589 184
590 617
591 962
592 389
593 627
594 278
595 9
596 1016
597 37
598 106
599 572
600 1367
601 1091
602 88
603 612
604 809
605 626
606 1326
607 977
608 21
609 544
610 344
611 1056
612 1035
613 718
614 112
615 3
616 213
617 9
618 106
619 613
620 562
621 991
622 1
623 611
624 980
625 266 150
626 1307
627 547
628 528
629 3089
630 993
631 12
632 427 149
633 183
634 9
635 1134
636 1269
637 564
638 286
639 3096
640 29
641 614
642 704
643 21
644 611
645 2632
646 49
647 627
648 1270
649 398
650 521
651 226
652 1311
653 388
654 564
655 614
656 1209
657 997
658 1189
659 1142
660 183
661 21
662 611
663 1622
664 1834
665 3107
666 549
667 2399
668 614
669 88
670 389
671 567
672 1097
673 562
674 1250
675 1040
676 1553
677 1543
678 1624
679 3115
680 21
681 477
682 37
683 389
684 1289
685 1001
686 23
687 3090
688 620
689 1472
690 613
691 614
692 388
693 1090
694 610
695 510
696 1056
697 42
698 1203 1197
699 1032
700 31
701 4
702 1019
703 1
704 133
705 1029
706 1005
707 9
708 1
709 610
710 610
711 6
712 1016
713 9
714 613
715 1562
716 528
717 202
718 279
719 721
720 868
721 29
722 53
723 1179
724 13 137
725 59 584 544
726 442
727 543
728 1129 1956
729 569
730 53
731 1028
732 24
733 552
734 1254
735 1029
736 909
737 612
738 957
739 437
740 63
741 544
742 610
743 133
744 247
745 53
746 3
747 1165
748 1364
749 1195
750 205
751 6
752 0
753 24
754 1142
755 1016
756 4
757 584
758 1326
759 611
760 3171 1855 2747 536 67
761 270
762 617
763 38
764 232
765 1028
766 1999
767 314
768 65
769 2588
770 528
771 557
772 1187
773 521
774 1459
775 1087
776 1539
777 3238
778 81
779 567
780 76
781 513
782 611
783 123
784 1844
785 3260 191 1259 1891 2060
786 498
787 21
788 9
789 557
790 138
791 544
792 557
793 17
794 348
795 614
796 13
797 962 1510
798 117 800
799 2356
800 876
801 997
802 23
803 573
804 2099
805 1389 282
806 0
807 975
808 612
809 43
810 567
811 2783
812 613
813 389
814 0
815 133
816 604
817 954
818 21
819 24
820 975
821 2150 393
822 9
823 528
824 1032
825 3043
826 486
827 3238
828 9
829 610
830 2520 75
831 1094
832 1193
833 80
834 49
835 610
836 280
837 1368
838 3338
839 2382
840 1093
841 63
842 331
843 954
844 9
845 270
846 1621
847 605
848 391
849 91
850 3343
851 2040
852 1362
853 627
854 4
855 559
856 1395
857 1096
858 113
859 610
860 1150
861 1120
862 562
863 1097
864 389
865 2419
866 627
867 612
868 9
869 21
870 91
871 500 957
872 87
873 2971
874 611
875 620
876 611
877 1869
878 965
879 1138
880 398
881 1069
882 2569
883 991
884 388
885 53
886 2133
887 555
888 564
889 544
890 622
891 3386
892 544
893 627
894 21
895 542
896 557
897 51
898 3389 442
899 624
900 1226
901 1090
902 613
903 454
904 465 405
905 1157 1189
906 627
907 2524
908 1167 1206
909 612
910 2959
911 278
912 813
913 130
914 613
915 3380 2463
916 1097
917 442
918 437
919 622
920 2491
921 442
922 1437
923 1624
924 155
925 9
926 559
927 24
928 611
929 567
930 1093
931 1004
932 112
933 112
934 536
935 424
936 546
937 1137
938 639
939 29
940 3433
941 3434
942 8
943 2574
944 323 383 88 3443
945 528
946 481 858
947 1517 1701 398 1024 213
948 614
949 28
950 149
951 1351
952 547
953 21
954 205
955 138
956 380
957 966
958 66
959 388
960 553
961 611
962 528
963 629
964 1150
965 21
966 528
967 21
968 21
969 21
970 1025
971 960
972 1863
973 1842
974 2966
975 547
976 133
977 618
978 528
979 53
980 626
981 612
982 1086
983 1680
984 1216
985 205
986 53
987 528
988 37
989 1814
990 1342
991 1863
992 1242
993 42
994 1432
995 42
996 994
997 384
998 1342
999 245
1000 149
1001 2378
1002 1016
1003 6
1004 9
1005 614
1006 4
1007 1446
1008 559
1009 176
1010 615
1011 1032
1012 21
1013 1776 323 59 3508 292 2469
1014 486 1069
1015 610
1016 544
1017 1319
1018 612 615
1019 2411
1020 134
1021 614
1022 41
1023 1441
1024 26
1025 528
1026 2576
1027 611
1028 521
1029 63
1030 37
1031 536
1032 1286
1033 2
1034 1209
1035 592
1036 631
1037 149
1038 626
1039 953
1040 1819
1041 1899
1042 615
1043 0
1044 24
1045 1264
1046 1472
1047 1598
1048 557
1049 21
1050 23
1051 627
1052 349
1053 442
1054 313
1055 21
1056 30
1057 1069
1058 1093
1059 2242
1060 389
1061 613
1062 2351
1063 1940
1064 1150
1065 589
1066 106
1067 21
1068 3170
1069 969
1070 1629
1071 548
1072 137
1073 362
1074 294
1075 610
1076 612
1077 1016
1078 386 1437 101 48
1079 2657
1080 1623
1081 1150
1082 2086
1083 32
1084 895 1003 3629
1085 1301
1086 1985
1087 1755
1088 667
1089 106
1090 2449
1091 611
1092 1092
1093 614
1094 106
1095 202
1096 970
1097 3636
1098 544
1099 280
1100 258
1101 528
1102 120
1103 563 491
1104 1112 3336 274
1105 1425
1106 2780
1107 9
1108 65
1109 1179 611
1110 612
1111 972
1112 442
1113 612
1114 1546
1115 604
1116 1249
1117 611
1118 612
1119 2084
1120 1046
1121 53
1122 106
1123 13
1124 6
1125 511
1126 552
1127 176
1128 63 3137 874 337
1129 624
1130 389
1131 176
1132 21
1133 1025
1134 21
1135 24
1136 323
1137 528
1138 117
1139 270
1140 626
1141 661
1142 437
1143 205
1144 450
1145 1539 292
1146 615
1147 611
1148 6
1149 656
1150 4
1151 442
1152 614
1153 437
1154 1728
1155 617
1156 21
1157 2179 491 137
1158 1352
1159 610
1160 553 610
1161 564
1162 53
1163 522
1164 270
1165 1023
1166 622
1167 615
1168 610
1169 205
1170 1676
1171 1089
1172 1040
1173 622
1174 1390
1175 544
1176 612
1177 1474 58 71
1178 9
1179 4
1180 614
1181 544
1182 472
1183 980
1184 1118
1185 528
1186 155
1187 611
1188 9
1189 160
1190 1312
1191 572
1192 528
1193 1778
1194 1366
1195 611
1196 528
1197 205
1198 50
1199 611
1200 1366
1201 113
1202 622
1203 0
1204 611
1205 27 313
1206 613
1207 611
1208 1319
1209 75
1210 443 895
1211 2507
1212 1029
1213 528
1214 980
1215 251 1330
1216 0
1217 162
1218 2956
1219 1956
1220 4
1221 18
1222 1441
1223 614
1224 1734
1225 1394
1226 528
1227 549
1228 626
1229 1150
1230 1741
1231 92 350 838 778 53
1232 584
1233 804
1234 542
1235 0
1236 53
1237 119
1238 280
1239 66
1240 149
1241 380
1242 3389 2314 618 2865 781
1243 610
1244 1144
1245 960
1246 3808
1247 2222
1248 613
1249 551
1250 138
1251 615
1252 53
1253 510
1254 1311
1255 624
1256 615
1257 612
1258 1487
1259 2012
1260 2679
1261 53
1262 91
1263 528
1264 42
1265 613
1266 611
1267 549
1268 2229
1269 2515
1270 985
1271 528
1272 9
1273 131
1274 106
1275 1137
1276 443
1277 247
1278 1332
1279 313
1280 162
1281 1097
1282 569
1283 48 1115
1284 611
1285 405
1286 544
1287 2104
1288 1210
1289 1039
1290 19
1291 0
1292 9
1293 991
1294 21
1295 21
1296 9
1297 226
1298 91
1299 1368 105
1300 1319
1301 681
1302 53
1303 226
1304 21
1305 544
1306 610
1307 21
1308 1029
1309 567
1310 2973
1311 1348
1312 1387
1313 528
1314 604
1315 75
1316 3842
1317 940
1318 389
1319 898
1320 1351
1321 1016
1322 53
1323 2177 1072 1221
1324 1087
1325 9
1326 4
1327 21
1328 620
1329 9
1330 536 70
1331 3053
1332 611
1333 280
1334 162
1335 1029
1336 3389
1337 572
1338 1459
1339 1818
1340 53
1341 9
1342 1838
1343 104
1344 133
1345 18
1346 443
1347 12 612
1348 1446
1349 1019
1350 1771
1351 21
1352 92 2415 711 81
1353 960
1354 9
1355 1016
1356 1210
1357 553
1358 21
1359 2051 799 3219 1545 541 576 346 719
1360 596
1361 615
1362 490
1363 339
1364 3980
1365 280
1366 6
1367 546
1368 176
1369 615
1370 1137
1371 9
1372 1112
1373 1209
1374 1581 3991
1375 68
1376 186 2797 39 719 1074
1377 213
1378 2232
1379 614
1380 587
1381 388
1382 564
1383 9
1384 380
1385 642
1386 610
1387 613
1388 612
1389 557
1390 666
1391 4
1392 611
1393 1226
1394 563
1395 1876
1396 102
1397 3407 1747
1398 106
1399 442
1400 618
1401 2688
1402 567
1403 1039
1404 118 1072
1405 612
1406 128
1407 528 354
1408 44
1409 543
1410 564
1411 1015
1412 1895
1413 183
1414 615
1415 2251
1416 717
1417 460
1418 3238
1419 1150
1420 126
1421 425
1422 611
1423 106
1424 133
1425 84
1426 620
1427 42
1428 389
1429 227
1430 289
1431 1678
1432 528
1433 528
1434 1834
1435 1708
1436 149
1437 224
1438 1207
1439 394
1440 443
1441 1443
1442 528
1443 4
1444 106
1445 3
1446 1847
1447 2911
1448 13
1449 23
1450 544
1451 557
1452 340
1453 9
1454 270
1455 622
1456 544
1457 979
1458 613
1459 209
1460 1029
1461 572
1462 1135
1463 59
1464 615
1465 1144
1466 148
1467 1151
1468 1104
1469 380
1470 73 1113 1500 2837
1471 611
1472 1085
1473 626
1474 392
1475 23
1476 19
1477 1207
1478 247
1479 125
1480 21
1481 1059
1482 564
1483 1127
1484 683
1485 19
1486 896
1487 150
1488 279
1489 969
1490 622
1491 1069
1492 622
1493 1142
1494 3191
1495 21
1496 3408
1497 614
1498 565
1499 511 720
1500 553
1501 610
1502 622
1503 19
1504 91
1505 3899 545 316
1506 2399
1507 1788
1508 76
1509 21
1510 270
1511 21
1512 2167
1513 3040 904
1514 1368
1515 1929
1516 1736
1517 0
1518 1028
1519 1319
1520 74
1521 973
1522 531
1523 240 292
1524 390
1525 289
1526 1402
1527 118 1782 2068
1528 1670 1810
1529 3243
1530 2458
1531 334
1532 574
1533 91
1534 1678
1535 33
1536 21
1537 388
1538 391
1539 1005
1540 1391
1541 1144
1542 566
1543 518
1544 1097
1545 610
1546 42
1547 1342
1548 1213 288
1549 825
1550 521
1551 1002
1552 1223
1553 117 351 1365 1023 2511 2171
1554 21
1555 1028
1556 1931
1557 1817
1558 274
1559 2509
1560 9
1561 21
1562 24
1563 443
1564 71
1565 274
1566 2293
1567 813
1568 37
1569 3578
1570 622
1571 572
1572 437
1573 544
1574 1376
1575 544
1576 997
1577 63
1578 622
1579 1015
1580 957
1581 1029
1582 112
1583 560
1584 610
1585 1761
1586 509
1587 610
1588 205
1589 614
1590 611
1591 572
1592 66
1593 960
1594 4198
1595 652
1596 962
1597 1
1598 551
1599 53
1600 30
1601 611
1602 2517
1603 1449
1604 193
1605 149
1606 620 33
1607 800
1608 21
1609 45
1610 1875
1611 993
1612 906
1613 3460
1614 128
1615 611
1616 638
1617 613
1618 216 895
1619 562
1620 550
1621 1025
1622 1851
1623 24 297 1099
1624 614
1625 618
1626 2241
1627 213
1628 1301
1629 969 1437
1630 528
1631 314
1632 37
1633 1127
1634 542
1635 1177
1636 415
1637 1091
1638 1178
1639 1406
1640 4226
1641 610
1642 1510
1643 610
1644 611
1645 2975
1646 2588
1647 563
1648 1441
1649 280
1650 1005
1651 389
1652 104
1653 528
1654 615
1655 611
1656 555
1657 1016
1658 388
1659 88 118
1660 2242
1661 1025
1662 106
1663 92 425
1664 3
1665 792 2067
1666 491
1667 612
1668 611
1669 997
1670 205
1671 4178
1672 1026
1673 569
1674 23
1675 1304
1676 564
1677 2349 1133
1678 1155
1679 2679
1680 45
1681 1337
1682 205
1683 229
1684 1138
1685 442
1686 1364
1687 622
1688 9
1689 1005
1690 91
1691 528
1692 551
1693 28
1694 21
1695 1209
1696 38
1697 1151
1698 613
1699 19
1700 610
1701 1313
1702 1441
1703 620
1704 1
1705 3935
1706 21
1707 613
1708 567
1709 613
1710 443
1711 289
1712 201
1713 443
1714 618
1715 443
1716 2661 638 0
1717 528
1718 1016
1719 23
1720 2136
1721 528
1722 4265 1042
1723 572
1724 112
1725 1028
1726 388
1727 3251
1728 2516
1729 1166
1730 1028
1731 557
1732 389
1733 23
1734 543
1735 1387
1736 613
1737 528
1738 6
1739 2014 192
1740 997
1741 557
1742 954
1743 1018
1744 610
1745 108
1746 1101
1747 3241
1748 205
1749 2397
1750 53
1751 380
1752 12
1753 622
1754 2505
1755 133
1756 1091
1757 21
1758 614
1759 965
1760 75
1761 993
1762 1970
1763 37 14 2556 66 1303 1788 4336 1067
1764 610
1765 205
1766 500
1767 1531
1768 1093
1769 611
1770 165
1771 389
1772 547
1773 160
1774 1575
1775 1442
1776 614
1777 656
1778 165
1779 1167
1780 421
1781 284
1782 1895
1783 1093
1784 2010
1785 465
1786 1315 426
1787 91 620
1788 879 21
1789 1440
1790 619
1791 1142
1792 9
1793 23
1794 553
1795 389
1796 4360
1797 565
1798 1684
1799 3
1800 391
1801 1351
1802 962
1803 42
1804 9
1805 138
1806 896
1807 2349
1808 615
1809 224
1810 615
1811 612
1812 2733
1813 4365
1814 559
1815 39
1816 1040
1817 21
1818 994
1819 610
1820 1150
1821 76
1822 388
1823 23
1824 229 1094
1825 626
1826 993
1827 442
1828 106
1829 2406
1830 612
1831 424
1832 692
1833 91
1834 91
1835 37
1836 616
1837 9
1838 653
1839 498
1840 1626
1841 406
1842 498
1843 391
1844 626
1845 543
1846 4189
1847 229
1848 9
1849 611
1850 21
1851 1337
1852 4370
1853 1241
1854 566
1855 564
1856 800
1857 557
1858 1028
1859 205
1860 133
1861 131
1862 622
1863 33
1864 614
1865 510
1866 19
1867 26
1868 610
1869 563
1870 1150
1871 138
1872 1185
1873 1213
1874 2156
1875 138
1876 21
1877 626
1878 613
1879 536
1880 176
1881 37
1882 615
1883 966
1884 2399
1885 612
1886 1086
1887 75
1888 21
1889 2896 1060
1890 1060 493 1417
1891 49 1459
1892 1150
1893 932
1894 1614
1895 3123
1896 416
1897 323
1898 510
1899 563
1900 614
1901 12
1902 68
1903 605
1904 19
1905 613
1906 557
1907 29
1908 490
1909 1321
1910 1220
1911 550
1912 567
1913 1016
1914 1150
1915 528
1916 205
1917 1004
1918 1445
1919 624
1920 1035
1921 1093
1922 485
1923 626
1924 592
1925 4401
1926 718
1927 564
1928 294
1929 138
1930 221
1931 565
1932 914
1933 564
1934 528
1935 1253
1936 1068
1937 111 1760
1938 544
1939 2979
1940 970
1941 997
1942 611
1943 1302
1944 85
1945 1564 1174
1946 1321
1947 969
1948 2230
1949 1085
1950 64
1951 205
1952 564
1953 53
1954 2251
1955 26
1956 14
1957 38
1958 4 516
1959 154 391
1960 388
1961 549
1962 928
1963 1946 313
1964 24
1965 544
1966 38
1967 323
1968 613
1969 108 24
1970 96
1971 266
1972 555
1973 21
1974 611
1975 13
1976 779
1977 2611
1978 1151
1979 1111
1980 567
1981 1028
1982 564
1983 157
1984 2242
1985 133
1986 1313 137
1987 1242
1988 21
1989 1353
1990 614
1991 21
1992 563
1993 389
1994 614
1995 622
1996 610
1997 21
1998 565
1999 870
2000 614
2001 836
2002 1699
2003 621
2004 2469
2005 381
2006 9
2007 53
2008 1068
2009 904 74
2010 106
2011 53
2012 9
2013 88
2014 92 58
2015 17
2016 205
2017 1210
2018 604
2019 1352
2020 528
2021 53
2022 1151
2023 1028
2024 19
2025 1964
2026 53
2027 9
2028 33
2029 989
2030 2012
2031 1007
2032 24
2033 3713
2034 21
2035 75
2036 17
2037 970
2038 1417
2039 1365
2040 878
2041 87
2042 37
2043 612
2044 626
2045 138
2046 0
2047 900
2048 966
2049 1389
2050 8
2051 572
2052 895
2053 6
2054 627
2055 168
2056 1367
2057 611
2058 978
2059 202 1430 505
2060 1319
2061 4438
2062 1352
2063 279 81
2064 1738
2065 544
2066 334
2067 133
2068 1366
2069 136
2070 523
2071 176
2072 6
2073 604
2074 245
2075 1001
2076 614
2077 1393
2078 544
2079 901
2080 622
2081 606
2082 213
2083 977
2084 1120
2085 331
2086 1086
2087 21
2088 6
2089 362
2090 4
2091 142
2092 2863 1288
2093 977
2094 3528
2095 6
2096 9
2097 1633
2098 1164
2099 75
2100 311
2101 1093
2102 584
2103 425
2104 605
2105 3
2106 391
2107 613
2108 611
2109 0
2110 1016
2111 50
2112 1085
2113 530
2114 612
2115 23
2116 605
2117 29
2118 611
2119 42
2120 21
2121 418
2122 626
2123 528
2124 24
2125 1193
2126 389
2127 19
2128 460
2129 181
2130 3820
2131 53
2132 315
2133 3101
2134 528
2135 1138
2136 614
2137 9
2138 544
2139 565
2140 62
2141 1091
2142 1026
2143 2891
2144 936
2145 1150
2146 112
2147 99
2148 45
2149 610
2150 612
2151 2156
2152 617
2153 113 384
2154 24
2155 551
2156 510
2157 1440
2158 2242
2159 91
2160 1848
2161 53
2162 91
2163 2126
2164 965
2165 612
2166 1065
2167 979
2168 1046
2169 391
2170 962
2171 547
2172 9
2173 3
2174 1675
2175 72
2176 1097
2177 1515
2178 80
2179 613
2180 546
2181 1301
2182 562
2183 1936
2184 21
2185 2950
2186 0
2187 9
2188 1620
2189 565
2190 1499
2191 1154
2192 401 4477
2193 138
2194 1777
2195 278
2196 1096
2197 21
2198 205
2199 1206 3
2200 528
2201 24
2202 279 278
2203 389
2204 777
2205 38
2206 106
2207 1029
2208 1995
2209 1409 1106
2210 59
2211 4
2212 8
2213 21
2214 528
2215 549
2216 547
2217 9
2218 390
2219 63
2220 1017
2221 326
2222 544
2223 544
2224 2
2225 1500
2226 1401 113 1743 294
2227 1834
2228 2419
2229 24
2230 1548
2231 10
2232 24
2233 614
2234 567
2235 2228 88 1477 765 3278 2090 1874 2153 901 1512 2293
2236 611
2237 4583
2238 101
2239 3070
2240 718
2241 993
2242 1273
2243 1641
2244 528
2245 584
2246 613
2247 562
2248 969
2249 113
2250 547
2251 1678
2252 277
2253 15
2254 4
2255 1319
2256 567
2257 4
2258 1334
2259 21
2260 544
2261 563
2262 9
2263 1822
2264 564
2265 607
2266 610
2267 388
2268 1678
2269 788 3724 2578 1432 703 467
2270 9
2271 620
2272 996
2273 2166
2274 9
2275 622
2276 26 32
2277 97
2278 1016
2279 1030
2280 547
2281 1211
2282 491
2283 614
2284 4205 1343
2285 935
2286 187
2287 1096
2288 1023 15 183 61 21
2289 1302
2290 614
2291 462 692 589
2292 521
2293 1224
2294 1040
2295 551
2296 312
2297 4415
2298 9
2299 97
2300 53
2301 21
2302 205
2303 690
2304 42
2305 572
2306 117
2307 612
2308 0
2309 613
2310 542
2311 626
2312 28
2313 9
2314 24
2315 420
2316 1723 233
2317 624
2318 1086
2319 572
2320 562
2321 23
2322 391
2323 544
2324 591
2325 994
2326 1672
2327 562
2328 610
2329 1087
2330 1368
2331 4678
2332 977
2333 1845
2334 528
2335 105
2336 23
2337 3
2338 1612
2339 818
2340 53
2341 622
2342 1741
2343 91
2344 544
2345 528
2346 562
2347 1046
2348 19
2349 611
2350 6
2351 1085
2352 720
2353 2104
2354 127 551
2355 389
2356 1235
2357 1818
2358 42
2359 973
2360 106
2361 543
2362 12
2363 547
2364 1311
2365 1068
2366 1090
2367 99
2368 1349
2369 3043
2370 1983
2371 1372
2372 1810
2373 2017
2374 614
2375 1027
2376 2084
2377 825
2378 24
2379 342 862
2380 960
2381 442
2382 9
2383 998
2384 344
2385 551
2386 106
2387 589
2388 498 101 2650
2389 4373
2390 1030
2391 21
2392 973
2393 21
2394 1606 117 1461
2395 1005
2396 266
2397 23
2398 24
2399 611
2400 544
2401 691
2402 388
2403 610
2404 610
2405 205
2406 3451
2407 9
2408 1154
2409 183
2410 567
2411 50
2412 21
2413 2696
2414 21
2415 92
2416 2117
2417 564
2418 1151
2419 416
2420 565
2421 103 1726
2422 33
2423 400
2424 294
2425 615
2426 21
2427 21
2428 485
2429 437
2430 564
2431 595
2432 9
2433 974
2434 138
2435 9
2436 564
2437 43
2438 490
2439 3033
2440 351
2441 53
2442 185
2443 9
2444 622
2445 453
2446 562
2447 796
2448 0
2449 24
2450 360
2451 81
2452 610
2453 957
2454 1220
2455 615
2456 611
2457 4476
2458 987
2459 53
2460 528
2461 2581
2462 23
2463 1513
2464 604
2465 1431
2466 289
2467 536
2468 23
2469 610
2470 610
2471 23
2472 91
2473 3339
2474 24
2475 2394
2476 1151
2477 1191
2478 868
2479 3046
2480 42
2481 544
2482 164
2483 627
2484 311
2485 337
2486 1096
2487 15
2488 513
2489 522
2490 1863
2491 896
2492 68 610
2493 4122
2494 1181
2495 522
2496 101
2497 10
2498 49
2499 612
2500 50
2501 545 170
2502 9
2503 680
2504 334
2505 547
2506 1212 289
2507 1093
2508 62
2509 528
2510 1144
2511 452
2512 612
2513 993
2514 331
2515 1138
2516 627
2517 551
2518 611
2519 2552
2520 450
2521 611
2522 572
2523 17
2524 2400
2525 53
2526 521
2527 23
2528 604
2529 1487
2530 1289
2531 1016
2532 0
2533 9
2534 993
2535 4747
2536 49
2537 9
2538 389
2539 2080
2540 1019
2541 286
2542 91
2543 2461
2544 388
2545 614
2546 1367 249
2547 183
2548 485 80
2549 1191
2550 3191
2551 3248
2552 183
2553 576 2932
2554 1242
2555 161 2485 1440
2556 1150
2557 553
2558 574
2559 619
2560 31 116
2561 622
2562 510 1931
2563 954
2564 1090
2565 610
2566 21
2567 637
2568 528
2569 528
2570 441
2571 528
2572 1161
2573 1474
2574 149
2575 119 505
2576 53
2577 564
2578 615
2579 612
2580 622
2581 611
2582 75 1085
2583 993
2584 1032
2585 1097
2586 3136
2587 626
2588 498
2589 1087
2590 91
2591 1353
2592 41
2593 205
2594 21
2595 9
2596 29
2597 63
2598 1151
2599 4
2600 4562
2601 1304
2602 2458 280
2603 75
2604 528
2605 528
2606 9
2607 2355
2608 391 340 532
2609 528
2610 1805
2611 205
2612 9
2613 1150
2614 611
2615 311
2616 954
2617 388
2618 345
2619 389
2620 6
2621 1681
2622 610
2623 1122
2624 117
2625 205
2626 9
2627 564
2628 590
2629 224
2630 518 420
2631 21
2632 391
2633 1017
2634 1216
2635 1368
2636 9
2637 306
2638 557
2639 53
2640 205
2641 549
2642 611
2643 192
2644 53
2645 465
2646 1618
2647 1265
2648 330
2649 1391
2650 1404
2651 1030
2652 313
2653 30
2654 552
2655 1342 614
2656 962
2657 1313
2658 50
2659 160
2660 1353
2661 612
2662 564
2663 442
2664 627
2665 178
2666 1016
2667 1342
2668 544
2669 544
2670 555
2671 53
2672 9
2673 1170
2674 612
2675 3605
2676 270
2677 53
2678 3193
2679 528
2680 133
2681 1161
2682 96 99
2683 1087
2684 1804
2685 201
2686 604
2687 528
2688 595
2689 437
2690 1235 92
2691 9
2692 1147
2693 1191
2694 563
2695 545
2696 565 662
2697 1279
2698 557
2699 572
2700 1389
2701 21
2702 1364
2703 4812 4811
2704 549
2705 611
2706 117
2707 611
2708 1414
2709 346 62 935 283
2710 1995
2711 622
2712 486
2713 21
2714 1244
2715 162
2716 21
2717 528
2718 611
2719 37
2720 21
2721 4833 501
2722 1132
2723 991
2724 150
2725 1104
2726 614
2727 1226
2728 1873
2729 1326
2730 1224
2731 610
2732 610
2733 4
2734 30
2735 484
2736 2672
2737 613
2738 170
2739 9
2740 611
2741 979
2742 15
2743 155
2744 1348
2745 563
2746 567
2747 21
2748 149
2749 65
2750 552
2751 388
2752 550
2753 613
2754 880
2755 1144
2756 96
2757 1720
2758 1377
2759 1727
2760 1418
2761 2444
2762 1676
2763 528
2764 544
2765 1699
2766 138
2767 556
2768 1085
2769 4
2770 610
2771 53
2772 138
2773 2677
2774 1305
2775 626
2776 1817
2777 6
2778 1001
2779 9
2780 354
2781 1270
2782 562
2783 616
2784 384 590
2785 2242 1437
2786 614 1797 3547
2787 2298
2788 544
2789 30
2790 0
2791 980
2792 989
2793 443
2794 1068
2795 80
2796 1900
2797 1303
2798 536
2799 21
2800 3802
2801 53
2802 550 344
2803 611
2804 1870 142
2805 9
2806 726
2807 987
2808 1564
2809 615
2810 213
2811 126
2812 6
2813 1028
2814 1483
2815 1253
2816 596
2817 991
2818 92 483
2819 909
2820 53
2821 334
2822 294 1013 33
2823 1098
2824 611
2825 954
2826 38
2827 391
2828 1474
2829 2087
2830 3519
2831 528
2832 536
2833 615
2834 3043
2835 274
2836 21
2837 9
2838 564
2839 4
2840 542
2841 993
2842 66
2843 117
2844 2867 162
2845 133
2846 2277
2847 4670
2848 1061
2849 521
2850 904
2851 1896
2852 1016
2853 1096
2854 627
2855 551
2856 732
2857 542
2858 612
2859 2743
2860 32 834 574
2861 1097
2862 22
2863 150
2864 969
2865 1759
2866 442
2867 756
2868 21
2869 2438
2870 3339
2871 1552
2872 176
2873 3492
2874 565
2875 1 66
2876 2156
2877 1504
2878 544
2879 896
2880 1878
2881 565
2882 787
2883 547
2884 1899
2885 406
2886 24
2887 357 279
2888 966
2889 19
2890 1777
2891 21
2892 605
2893 513
2894 566
2895 605
2896 1005
2897 992
2898 991 895
2899 442
2900 498
2901 1016
2902 1226
2903 1028
2904 21
2905 916 398
2906 718
2907 993
2908 53
2909 23
2910 546
2911 149
2912 24
2913 31 806
2914 491
2915 1312
2916 1096
2917 544
2918 669
2919 1127
2920 66
2921 2518
2922 1342
2923 572
2924 33
2925 2674
2926 9
2927 380
2928 4
2929 800
2930 42 2414
2931 1097
2932 500
2933 553
2934 279
2935 21
2936 1035
2937 425
2938 21
2939 568
2940 2040
2941 106
2942 615
2943 21
2944 627
2945 1097
2946 1047 1061
2947 389
2948 1087
2949 18
2950 498
2951 1137
2952 2863
2953 962
2954 1427
2955 858
2956 106
2957 2251
2958 21
2959 53
2960 544
2961 81
2962 726
2963 528
2964 105 442
2965 1987
2966 997
2967 106
2968 176
2969 1093
2970 389
2971 584
2972 1086
2973 2475
2974 21
2975 1125
2976 1084
2977 1311
2978 55
2979 1848
2980 612
2981 569
2982 555
2983 173
2984 613
2985 544
2986 448
2987 610
2988 442
2989 108
2990 1012
2991 1443
2992 528
2993 1086
2994 138
2995 1749
2996 9
2997 110
2998 998
2999 604
3000 8
3001 1381
3002 1351
3003 932
3004 1025
3005 9
3006 522
3007 172
3008 1094
3009 563
3010 611
3011 1084
3012 528
3013 1127
3014 224 507 558
3015 562
3016 969
3017 1627 519
3018 1150
3019 2242
3020 2144 176 12
3021 614
3022 567
3023 1170
3024 528
3025 3381
3026 1060 2060
3027 569
3028 998
3029 24
3030 612
3031 605
3032 555
3033 249
3034 389
3035 53
3036 24
3037 4914
3038 614
3039 21
3040 21
3041 613
3042 583 2357 227 183 312
3043 43
3044 280
3045 183
3046 19
3047 2965
3048 498
3049 339
3050 81
3051 610
3052 817
3053 224
3054 391
3055 547
3056 74
3057 552
3058 563
3059 3160
3060 965
3061 2557 1441 2080
3062 604
3063 4470
3064 1391
3065 31
3066 1069
3067 619
3068 1352
3069 2994
3070 718
3071 1900
3072 1084
3073 1138
3074 557
3075 485 706
3076 613
3077 1606 877
3078 275
3079 112
3080 138
3081 4794
3082 42
3083 0
3084 688
3085 443
3086 24
3087 626
3088 569
3089 547
3090 133
3091 23
3092 19
3093 1958
3094 53
3095 3114
3096 65
3097 388
3098 1200
3099 610
3100 113
3101 611
3102 626
3103 389
3104 612
3105 442
3106 23
3107 280
3108 596
3109 110
3110 1226
3111 1123
3112 9
3113 183
3114 481
3115 1940
3116 288
3117 2695 272 2523
3118 160
3119 4201
3120 270
3121 21
3122 279
3123 106
3124 1172
3125 1404 2569
3126 4480
3127 1734
3128 312
3129 246
3130 0
3131 326
3132 853 2733 956 592
3133 249
3134 604
3135 612
3136 718
3137 528
3138 611
3139 615
3140 567 1356
3141 1039
3142 4222
3143 620
3144 542
3145 620
3146 610
3147 13
3148 622
3149 2290
3150 673
3151 246 962
3152 42 791 111
3153 1327
3154 99
3155 1331
3156 622
3157 53
3158 528
3159 606
3160 53
3161 610
3162 53
3163 23
3164 614
3165 23
3166 1046
3167 1023
3168 389
3169 74
3170 4678
3171 270
3172 28
3173 974
3174 549
3175 66
3176 614
3177 295 610 101
3178 1096
3179 53
3180 614
3181 1441
3182 66
3183 3823
3184 9
3185 12
3186 29
3187 1185 1084
3188 896
3189 3479
3190 790
3191 555
3192 149
3193 614
3194 112
3195 1289
3196 0
3197 562
3198 270
3199 613
3200 1375
3201 389
3202 971
3203 1441
3204 389
3205 614
3206 1308
3207 599
3208 572
3209 1133
3210 444
3211 1364
3212 513 454 820 1280
3213 42
3214 160
3215 21
3216 1200
3217 1319
3218 53
3219 26
3220 254 399
3221 310
3222 37
3223 64
3224 544
3225 388
3226 611
3227 1675
3228 21
3229 544
3230 149
3231 2419
3232 498
3233 611
3234 389
3235 997
3236 4
3237 536
3238 922 65
3239 4279
3240 276
3241 613
3242 1834
3243 53
3244 3855
3245 612
3246 1146
3247 106
3248 23
3249 270
3250 1086
3251 555
3252 1343
3253 21
3254 465
3255 1736
3256 9
3257 421
3258 1183
3259 1286
3260 24
3261 149
3262 4
3263 37
3264 544
3265 714
3266 1068
3267 1899
3268 164
3269 45
3270 442
3271 9
3272 1742
3273 1096 4962
3274 51
3275 1327
3276 1683
3277 1004
3278 193 22
3279 1224
3280 836
3281 1029
3282 53
3283 149
3284 551
3285 26
3286 610
3287 1028
3288 288
3289 2849
3290 984
3291 425
3292 512
3293 528
3294 425
3295 612
3296 1369
3297 1056 4195 65
3298 442
3299 720
3300 1879
3301 1680
3302 1324
3303 614
3304 610
3305 173
3306 1420
3307 1266
3308 1319
3309 589
3310 619
3311 1172
3312 53
3313 615
3314 477
3315 970
3316 205
3317 423 424
3318 622
3319 572
3320 1744
3321 1376
3322 528
3323 21
3324 144
3325 993
3326 311
3327 1737
3328 1309
3329 1313
3330 1621
3331 536 1076
3332 13 1027
3333 21
3334 3053
3335 614
3336 2348
3337 563
3338 23
3339 612
3340 612
3341 1097
3342 564
3343 59
3344 563
3345 3315
3346 0
3347 1799
3348 637
3349 9
3350 2781
3351 692
3352 1039
3353 1178
3354 3043 1157 337 1146 311 1409 1005
3355 53
3356 437
3357 389
3358 1016
3359 654 66
3360 528
3361 567
3362 149
3363 106
3364 3
3365 545
3366 615
3367 21
3368 622
3369 973
3370 611
3371 4823 9
3372 1342
3373 1201
3374 1878
3375 1040
3376 53
3377 178 1144
3378 24
3379 614
3380 751
3381 547
3382 597
3383 173
3384 12
3385 528
3386 19
3387 294
3388 567
3389 612
3390 1097
3391 1486
3392 4057
3393 522
3394 656
3395 610
3396 2516
3397 6
3398 625
3399 65
3400 133
3401 1017
3402 610
3403 615
3404 133
3405 270
3406 21
3407 626
3408 587
3409 37
3410 611
3411 1094
3412 49
3413 133
3414 4342
3415 542
3416 1130
3417 544
3418 75
3419 612
3420 528
3421 30
3422 591
3423 137 760 326
3424 1783
3425 668
3426 59
3427 528
3428 21
3429 528
3430 9
3431 2086
3432 748
3433 9
3434 18
3435 442
3436 569
3437 23
3438 536
3439 53
3440 21
3441 1068
3442 610
3443 987 63
3444 613
3445 544
3446 528
3447 53
3448 1189
3449 5034
3450 604
3451 2569
3452 91
3453 544
3454 605
3455 1200
3456 2581
3457 345
3458 53
3459 144
3460 23
3461 1224
3462 615
3463 270
3464 106
3465 38
3466 24
3467 42
3468 614
3469 544
3470 388
3471 270
3472 932 395 583
3473 966
3474 611
3475 101
3476 75
3477 1875
3478 1022
3479 544
3480 544
3481 176
3482 993
3483 450
3484 614
3485 4
3486 488
3487 468
3488 105
3489 1502 926 372 127 30 2285
3490 339
3491 591
3492 101
3493 9
3494 627
3495 551
3496 420
3497 205
3498 37
3499 21
3500 627
3501 4746
3502 3160
3503 904
3504 23
3505 498
3506 1097
3507 130 878
3508 1027
3509 964
3510 142
3511 224
3512 718
3513 106
3514 1040
3515 9
3516 21
3517 1734
3518 544
3519 4
3520 9
3521 3717
3522 1315
3523 388
3524 106
3525 24
3526 1029
3527 1722
3528 277
3529 1150
3530 47
3531 215
3532 1875
3533 1319
3534 131
3535 562
3536 498
3537 2396
3538 339
3539 431
3540 357
3541 1017
3542 1474
3543 1335
3544 1390
3545 617
3546 74
3547 1167
3548 614
3549 1016
3550 280
3551 669
3552 2578
3553 610
3554 5064
3555 547
3556 20
3557 1148
3558 567 24
3559 205
3560 176
3561 626
3562 1093
3563 628
3564 1200
3565 1474
3566 1035
3567 294
3568 1061
3569 563
3570 613
3571 53
3572 544
3573 1353
3574 1026
3575 53
3576 105
3577 3814
3578 9
3579 3341
3580 21
3581 620
3582 67
3583 528
3584 614
3585 419
3586 1161
3587 1004
3588 612
3589 1873
3590 106
3591 17
3592 42
3593 1226
3594 1025
3595 2569
3596 9
3597 572
3598 613
3599 567
3600 21
3601 389
3602 1005
3603 76
3604 1197
3605 11
3606 1190 1208
3607 724
3608 349
3609 106
3610 79
3611 1064
3612 613
3613 1028
3614 442
3615 37
3616 613
3617 1644
3618 610
3619 205
3620 38
3621 78
3622 620
3623 205
3624 890
3625 245
3626 988
3627 18
3628 565
3629 2419
3630 610
3631 29
3632 117
3633 547
3634 68
3635 21
3636 993
3637 657 1359 81 98
3638 37
3639 23
3640 1028
3641 1874
3642 610
3643 2486
3644 106
3645 74
3646 213
3647 1785
3648 613
3649 88
3650 133
3651 460
3652 129
3653 138
3654 565 490
3655 1414
3656 22 661 1776 313 909 31
3657 15
3658 612
3659 1432 1304
3660 567
3661 522
3662 1016
3663 389
3664 2167
3665 389
3666 543
3667 1818
3668 620
3669 21
3670 1319
3671 21
3672 619
3673 1051
3674 106
3675 564
3676 139
3677 1173
3678 528
3679 549
3680 1
3681 1818
3682 20
3683 224
3684 138
3685 1181
3686 611
3687 405
3688 1045
3689 4095
3690 3155
3691 564
3692 1035
3693 1070
3694 1028
3695 19
3696 614
3697 1207
3698 247
3699 1094
3700 251
3701 1247
3702 9
3703 611
3704 964
3705 544
3706 1063 2365 2359
3707 1224
3708 19
3709 574
3710 610
3711 4
3712 63
3713 41
3714 544
3715 611
3716 13
3717 718
3718 622
3719 622
3720 544
3721 83
3722 1019
3723 564
3724 106
3725 865 1516
3726 639
3727 607
3728 1355 245
3729 909 2646 519 190 2115
3730 12
3731 343
3732 1353
3733 954
3734 611
3735 224 120
3736 130 4
3737 614
3738 4
3739 993
3740 53
3741 24
3742 389
3743 247
3744 176
3745 1979 1163
3746 361
3747 481 354
3748 563
3749 1319
3750 326
3751 53
3752 500
