0 9
1 94 82
2 192
3 216
4 221 104
5 424
6 78
7 90 486
8 516 267
9 3 26 577 579
10 38 745
11 174
12 622 64
13 263
14 901 374
15 278
16 128 960 591
17 127 1033 628 1073
18 1041 131 148
19 406
20 1166
21 157 1196 198
22 78 461 558 1066
23 174 529
24 1029
25 24 1424 1169 353
26 560
27 13 1451
28 433 94
29 128
30 1264 113
31 85
32 1235 427 1318 264
33 1324 1131
34 1624 110
35 290 335 662 1660
36 207
37 1625
38 515
39 195
40 49
41 1655 104 1723
42 881
43 758 58
44 1793 1686 1518
45 1821
46 383
47 221 883 1062 206 1259 548
48 124 643
49 609
50 27
51 202
52 160 1919 93 1343 936 438 1912
53 1764
54 128
55 479
56 104
57 533 139 323 96 337
58 1195 2049 1702
59 1863
60 532
61 792 64 2120 581 172
62 2140
63 790
64 125 517
65 406
66 1573
67 547
68 226
69 406
70 1216
71 799
72 1102 890 1041
73 171
74 323 1062
75 21
76 2215
77 2141 184
78 955
79 1835
80 1132
81 1528 2058
82 717
83 44
84 58
85 273
86 48
87 23
88 0
89 381 687 634
90 1801
91 788 1941 1366 1213 103
92 60 2184 767
93 1115
94 113
95 110
96 681 834
97 23
98 905 256
99 92
100 189 643
101 1154 531
102 1103 236
103 1135
104 430
105 547
106 67 597
107 1505
108 385
109 1018
110 366
111 2286
112 132
113 30
114 860
115 537
116 177 781 1396 1007 765 1846
117 89 729 857
118 1046 703
119 256
120 2017
121 186
122 128 659 147 1358 296 1422 1551
123 49
124 860
125 2316
126 2274 669
127 728
128 2343 58
129 1481 2468
130 790 1253 351
131 614
132 520 1301
133 2500 62
134 359
135 556 1566 1720 2504
136 167 538
137 2232
138 635 1669 212
139 1461
140 236
141 26
142 273
143 919
144 317
145 514 2071 797 0 14
146 416 524
147 62 381 94 721 1096 852 1242
148 90 240 1715 316 2582 374
149 246 281 48
150 2033 92 849 1522 238
151 168
152 104
153 315
154 1338
155 23 171
156 1251 116 115 1579 597
157 478
158 1030
159 64
160 1292 1586 324
161 43 533
162 914 1000 1894 929 343 843
163 424
164 192 1228
165 217 248 352 900 1176
166 837
167 189
168 1113 1273 22 183 338 101
169 1131
170 2512
171 2300
172 2694 1730 394 2133 1973 856
173 666
174 593 815 1061 123
175 1617
176 96
177 9 419
178 1042 119
179 184
180 280 1352 117
181 515
182 553
183 2746
184 202
185 206 174
186 2761 88 1748 489 796
187 933
188 128
189 1070 524
190 368
191 1860 127 1133 1095 414 472
192 246 718 1755
193 89
194 40 237 492 301 2691 287 472 160 134
195 0
196 147
197 713 866 596 335
198 122 1333 130 328 533
199 352
200 1613
201 293 145 2842 1103 90 1878 280
202 481 674
203 1329 6 39 392 758
204 617 218
205 1989
206 64
207 1286 794
208 1654
209 590 441
210 1989
211 23 1256
212 381
213 474 728
214 26
215 684 2046 488 1568 1824 938 1194 2866
216 104
217 940
218 971
219 129 365
220 2545
221 678
222 852 163 186
223 528 377 85
224 231 272 2723 266 1628 283
225 183
226 277
227 406
228 873 831 685
229 2911 1120
230 1234
231 176
232 167
233 87
234 3 1639 2477 1618 622
235 217
236 7 748
237 89 763 292
238 68
239 189 74
240 980
241 94 864 1042
242 153
243 642
244 1610 916 112 1040 1813 128 719 1068
245 1165
246 1049
247 264
248 814 226
249 888
250 517
251 113
252 355
253 2467
254 27 322 702
255 955
256 104
257 487 127
258 222 135
259 73 60
260 592 2957 274 349
261 749 468
262 127
263 416 776 48 461 1234
264 609
265 167
266 23 134
267 1084 1169 667
268 1525
269 209 884
270 92 389 1202 467
271 1118 85 855 268 852
272 45 1726
273 464 906
274 22
275 226
276 60
277 1899 2623
278 2980
279 1292
280 237 4
281 79
282 1018
283 788 92 1320 532 1034
284 1584 1281
285 244
286 244 371
287 150
288 1272
289 437
290 796 127
291 58
292 500 484 865 1310
293 138
294 186 243
295 797
296 315
297 104
298 338 1135
299 1718 715 891
300 134 1210 4 9
301 1399 1198 1158 982 340 1939 2649 1152
302 81 260 3023
303 882
304 740 1155
305 2091 22
306 1163 633
307 1772 94 524 664 1641 210
308 99 16
309 221 541 2205
310 280
311 1545
312 237
313 18 1637 116
314 443
315 676
316 559
317 153
318 593 31 788 3045 1577 890 2699 183
319 267
320 844 2406 372
321 504
322 880 43
323 414
324 40
325 30 376 556 2855
326 68 2031 1466
327 849
328 2683 1559 1745 1136 2510 1724 1005 949
329 1712
330 1649 284 1870 1537 2910 1651
331 381
332 1516 61 1753
333 690
334 202 58
335 991 864
336 1655 555
337 13 369 437 1173
338 460 321
339 719 390
340 519
341 622 1385
342 486 2 605
343 672
344 2362
345 166 423 434
346 1024
347 426
348 1879 936 661
349 461
350 646 13
351 35 1716 1034 1178 488 1936 925 972 1982
352 229
353 790
354 1882 889 1590 584 134
355 2651
356 1958
357 2512
358 577
359 2422
360 1131
361 531
362 853
363 104
364 1364
365 2250 236 2041
366 1061
367 1926 925 550 566
368 83
369 218
370 221
371 1712 1041
372 44
373 111
374 1812
375 1124 897
376 139 95
377 1011
378 207
379 889 203
380 1003
381 423
382 38
383 208
384 1213 519
385 84 290 1737
386 678
387 1662
388 491
389 2660 273 1217
390 2728
391 533 484 146 831 114
392 258
393 993
394 1256
395 2345 819
396 547
397 2091 743 1262
398 943
399 84
400 209
401 651 1348 1865
402 324 202 465
403 27
404 1395
405 1234 97
406 64
407 173 324
408 1096 283 999
409 134
410 1400 1248 842 597 3027 216 152
411 2891 417 1454 40 593
412 2000
413 971
414 2503 7 115
415 732
416 467
417 1251
418 58 507
419 40
420 27
421 949
422 338
423 461 923 510 1247 2011 2794 2105 924 1351 396 196 565 664
424 308 19
425 528 702 1275
426 1131
427 696
428 332 317 647 728
429 171
430 64
431 264
432 1407
433 2253
434 1112 44
435 160 124
436 608
437 1411 1075 604 455 657 3096 1050
438 167
439 1181
440 331
441 713 1360 542 218 688
442 434
443 665 950
444 133 1094 1918
445 505
446 2109
447 130
448 2889
449 189
450 162 2431 321
451 1134 461
452 678 577 1987 1292
453 542 2896 499
454 502
455 655 13
456 488 737 246
457 189
458 435
459 1433
460 2210 783 164 1411 1658 87
461 738 900
462 1150 13
463 2483
464 2690
465 136 104
466 84
467 420
468 127
469 596
470 539 533
471 104
472 684
473 278 1107 535 849
474 713 193 2738
475 1631 1170 426 396 1300
476 23 64 1703
477 246
478 381
479 167 280
480 238 486
481 280 64 461 208 1095 204 625 702 2320
482 416
483 178
484 127
485 176
486 128
487 209
488 2003
489 60
490 356
491 515
492 908 470
493 2003 399
494 60
495 104 2047
496 2768
497 1080 1433
498 2093 908
499 49
500 86
501 623
502 1449
503 1041 847
504 753 895
505 881
506 244
507 767 656
508 1338 218 127 895 575 10 1398 263
509 376
510 3176
511 886
512 968 1851
513 1654
514 2489 1061
515 50 565 1006
516 814 2004
517 858 153 127
518 1046
519 409 25 1559 596
520 38
521 970
522 1497
523 844 2637 657 979 2135 1200 1655 229 209 1331 2402
524 2269
525 728
526 831
527 601 2638 1526 1035 1906 424
528 139 533
529 896 259
530 326 818 556 894 67 290 2599 1354 171
531 322
532 343 847 213 2550 470 1670
533 461 1451
534 3201
535 1228 8 632
536 55
537 1619
538 406 386
539 527
540 291 0
541 1005
542 788 177 2448 586 126 166 1132
543 1795
544 531
545 745 3204 406
546 382
547 2508 1425
548 1433 193 1991 119 1579 850 727 44 1501 244 635 1000
549 1441 533 180 1055 1488 907 16 738 845 277
550 132 174 1236
551 584
552 474
553 880
554 33
555 729 1451 528
556 555
557 140 1109 420
558 405
559 1655 151
560 522
561 48
562 993 1683 4 620
563 1447
564 113
565 1371 364 777 126 130 1022
566 60
567 3088
568 942 237
569 68 91 207
570 564 1291
571 853
572 1237
573 675
574 134 120
575 97
576 1154 1298
577 109
578 97
579 611
580 437
581 1162
582 896 711
583 39
584 528 945
585 364
586 443 220 2535 1459
587 1456 220 515 383 1097
588 916
589 531 3
590 2425 322 96
591 1188
592 2134 525
593 1278 1301
594 814
595 97
596 184
597 1935
598 321
599 179
600 486 1078 608 64
601 619 994
602 156
603 132 91 984
604 1546 661
605 1426
606 199
607 2292 240
608 762
609 5 251
610 51 98
611 1231
612 112 67
613 1842
614 68
615 178
616 68
617 1722
618 170
619 533 401
620 697 1808 743
621 547
622 364 122
623 2628 643 2445 50
624 89
625 166
626 1244
627 828
628 1353 1866 1062
629 105 1745
630 1755 693 1135 571
631 528
632 541
633 608
634 169 305
635 678
636 814 152 661 1131
637 635 714
638 139 133 195 164
639 167
640 1064 535
641 789
642 1654
643 2732 2057
644 51
645 409 135 1198
646 2435 255 811
647 22 1956
648 1271
649 168
650 123 1492 692 737 1276
651 202 1258
652 500
653 386 2144
654 695 228 1355 958 3256
655 199 51
656 516
657 575
658 2320 26
659 1350 115 2783 526 676 57 1256 1974
660 136
661 10 1094
662 1005 1063
663 87 244
664 1208
665 104 358
666 331 1931
667 2268
668 244 1423 354 567 982
669 2756
670 661 1283
671 714
672 2692 2239 3103 23 459
673 189
674 908
675 483 1153 290 745
676 1909 755 444
677 1290 286 2743 743 2673 1750 653 1330 202 328
678 192
679 352
680 1
681 209
682 822
683 541
684 206 737
685 48
686 1442 141 581 331
687 236
688 512 615
689 737 9
690 217 664
691 237 1228 355 1106 1233 206 454
692 208
693 237
694 1067 799
695 208 189 519 1961
696 164 15
697 1296 1248 549
698 369 2136 1336 706 2841 2891 1256
699 357
700 40
701 661 1195 2096 1346 983
702 609
703 936
704 51 1816
705 978 1908
706 128
707 702
708 2360
709 1235 598 1975 1115 1007 1226 2427 503 298
710 662 136
711 790 432 277
712 770 1693 148
713 40 2316 216 659 1146
714 113
715 1018 420 293 1075
716 14
717 213 461
718 50
719 23 185 94
720 424 69 2502 1021 1174 907 2227
721 40
722 790
723 259 500
724 280
725 828
726 1241 1210 1256
727 1972 95
728 291 879
729 2146
730 1165 826 1451 5 2398 1015 1625
731 1692 73
732 184 48
733 327
734 619 406 1026 890
735 44 1084
736 790 1231 1158
737 237
738 10 1271
739 97
740 416
741 62
742 2984 1344
743 1038 515 19
744 517
745 2861 1590 2099 1078 62
746 885
747 2961
748 831 695 126 665 829
749 1902
750 178
751 2153 1660 171 687 2799 876 1228 769 73 754 1087
752 653 2784 1091
753 381 2008
754 1158 1449
755 128
756 975 1155 1211 745 590
757 183
758 1775
759 384
760 1723
761 611
762 743
763 671 186
764 695 1313 58 603 842
765 1038
766 1883 738
767 1058
768 669
769 1432 1022 1390 359 1198 1313 1593 803
770 1278
771 919
772 467
773 1011 1846 4
774 2192
775 203 919
776 189 38 1222 1783 1202 439
777 1184 22
778 363
779 183 1037 6 1013 175 1717
780 290 1135 1028
781 853
782 473 495
783 788
784 157 748
785 616
786 651 533
787 926 1723
788 352 941
789 468
790 1426 1298 163 288
791 315
792 280 644
793 1038
794 3058 52
795 547 790 1704 695 829
796 333
797 2409 1403 2842 2016
798 1279
799 680 2342 880
800 226 417 470
801 695 911 718 882 753 1347
802 166
803 2
804 1372
805 2131
806 389
807 1732 268 646
808 890
809 23 120
810 51
811 171
812 33
813 1041
814 273
815 661 38
816 86 917 1226 1401
817 1577 909
818 541
819 1250 62
820 545
821 330 60 514
822 365 918
823 723 1394 156 890
824 159
825 2154
826 136
827 173 231
828 105 86
829 1983 346
830 336
831 1135 2847
832 897
833 424
834 784
835 1125
836 559
837 646 1135
838 533 87 444 1973 272 1438 1243 32
839 335 1050 1730
840 831
841 26
842 18 116
843 217
844 51
845 388 387 925
846 1500
847 428
848 537 585
849 1540 60 1278 27 998 1995
850 1664
851 175
852 775 840
853 720 550 390 264 330 613
854 29 416 638 1158 323 1440 445
855 15
856 719
857 2013 586
858 97 1151
859 948
860 730
861 2214 3018
862 2332
863 23 1761
864 2537
865 35
866 321
867 1149
868 180 618 429 2993 606 396 2056 1841 812
869 2670
870 512
871 70 524
872 1453 39
873 1483
874 557
875 1011 376
876 2920 2674 97 2393 1298 472 404
877 1259
878 723
879 1894 605
880 51 1716 339 762 377 1203 788 2782 43 196
881 26
882 509
883 741
884 1025
885 1105
886 686
887 439
888 993 1877 48 1899 966 1762 1243 2726 432 463 6 1526 189 1842 2247 941
889 3332 1055 1076
890 160 617 262
891 214
892 1843 173
893 277
894 502
895 130
896 273 1115 1256
897 13
898 640 643 1495 3
899 0
900 104
901 1002
902 68
903 2353 829 465
904 51 97
905 290
906 1240
907 26
908 226
909 1312 433
910 1062 205 85 1092 148 642
911 631
912 175
913 1963
914 148
915 435
916 92
917 776 113
918 2379 1042 292 2569
919 541
920 765 385
921 1145 860 1035 1253
922 515
923 60 1276
924 381
925 588 938
926 137 381
927 1539 761 950
928 50 198 1919 98
929 843
930 213 2227
931 29
932 128
933 87 537 164 1979 22
934 1301 512 776 800
935 133
936 1110 665 296 519
937 182
938 1005 2995
939 46 1155
940 1920
941 246
942 167
943 259
944 788 396
945 283
946 1061
947 2030 1242 1231 211 904 135
948 290 118 998 62
949 1326
950 218
951 221 1657
952 1764 610
953 19 214
954 743 856 669 462
955 515 949
956 1254 340 23 714
957 2083 2512
958 547
959 790 611
960 860
961 905
962 577 1565 1177 145 60
963 509
964 1577
965 2482 39
966 221
967 1033
968 386
969 128 1184 338 255 487 2264
970 878 1208 739
971 766
972 593 534 374
973 290
974 273 213 308 533 2039
975 1135
976 1987 728 1473
977 2028
978 1146
979 923 437
980 716 259 599
981 700
982 1290
983 1195 1260 808 1368 2559 713 1426
984 596 62
985 2693
986 1747 44
987 44
988 2055
989 189 357
990 1452
991 788
992 517
993 430
994 221
995 386 1285 1106
996 815
997 1845 3
998 2435 1416 163 90 1438
999 216
1000 2329 31 202 921
1001 134
1002 44
1003 771 687 89 15 97
1004 1750
1005 788
1006 1270
1007 294
1008 895
1009 1115 1878 2414 1887 42 27 727 1216 817 1909 536
1010 852
1011 52
1012 315
1013 218
1014 1130 390 570 2233 674 621 831 2105 2264 2145 41 1066 1529
1015 1145 392
1016 2043 719 562 155 1128 1259
1017 1371 845
1018 2219 2488 517 815 2961 917 399 272 2475 1363
1019 60
1020 794 415
1021 1577 96
1022 662
1023 769
1024 178
1025 519
1026 768
1027 734
1028 134 1253 2599
1029 748 211
1030 83 9
1031 110 3046
1032 2057 424
1033 132 545 30 831
1034 457
1035 321
1036 531
1037 1299 1531
1038 790
1039 1023 379 1394
1040 2222
1041 1932
1042 67
1043 1348 42
1044 1200
1045 858
1046 132
1047 23
1048 417
1049 999 1879 59 2344 2091 790
1050 423 865 653 1009 327 1034 129 2279 954
1051 51
1052 2185 1738 937 974
1053 1341 2789
1054 1653
1055 1141
1056 754 1639
1057 258 529 15 113
1058 1114 1130 105 457 504 423
1059 1715
1060 577
1061 865 1200
1062 1712
1063 1107 246
1064 369
1065 517 828
1066 559
1067 1021 1165 434 1328 1324 13
1068 3337 56 1059 1974 1626 2159 2225
1069 499
1070 1927 839
1071 383 23
1072 2049 1450
1073 1119 645
1074 497
1075 148
1076 1228 980 1261 44
1077 452 64
1078 68 74
1079 383
1080 131
1081 792
1082 814
1083 206 204
1084 505
1085 231 462 439 209
1086 591 198 1466 183
1087 588 1116 1613 1364 52 1312 372 1001 354 1649 887 1631
1088 982
1089 236
1090 113
1091 390
1092 669
1093 290 629
1094 420
1095 793 573 895
1096 826 499
1097 16
1098 769 315
1099 2255 2840 1685 1737 1025 45
1100 99 115 134 239 755 1191
1101 280
1102 213
1103 2161
1104 2280 195
1105 1811
1106 507
1107 524
1108 438 584 1141
1109 43
1110 1731
1111 93 899 256 703 238 50 1019
1112 1485 629 335 2011
1113 648 1794
1114 829 1954
1115 127 1185
1116 495 891 1066 1878 713 934 1253 1338
1117 2796
1118 174 3040 698 1998
1119 1021 390 1382 657 596 184 1036 1941
1120 1154 22 937
1121 1017 996
1122 929
1123 352 840 1547 647
1124 457 446 450 1223 4 2259
1125 85
1126 1797 196
1127 425 1732 305 1542 754
1128 176 349
1129 116 426 1529
1130 22 366
1131 1005 186
1132 587 1466
1133 805 2802
1134 2109 517
1135 255
1136 321 908 217 1233 1039 2306
1137 189
1138 505 148
1139 199 718 1472 998
1140 86 1185 3023 50 1517
1141 2259 1346 869
1142 793
1143 48
1144 524
1145 509 1296 375 1115
1146 497 3042 820 1181
1147 535
1148 385
1149 291 2153 2126 734 266 1847 337 247 67 1309 2005 267 3253 884
1150 424 955 133 1109
1151 1265 209
1152 524
1153 968
1154 702 133
1155 126
1156 922
1157 134
1158 432 528
1159 869 4
1160 127
1161 1394 2039
1162 65
1163 2214 520 1263 3103 498
1164 5 810
1165 524
1166 22
1167 141 89 243
1168 1604 1195
1169 2688 414 1628
1170 2329
1171 411 400 88 572 1400
1172 607 2847 1783 178
1173 321
1174 1364
1175 666 625
1176 15
1177 644
1178 946 222 288
1179 669
1180 2025 617 1331 2019 1237 1463 1106 2237 129 1961 399 1321 1074 759 2332 2241
1181 2118 1063 199 124
1182 713 948
1183 2174 1091 1042
1184 335
1185 1446 625 1008
1186 10
1187 385
1188 1061
1189 1406
1190 1237 2049
1191 795
1192 919 647 746
1193 214 1831 911 1153 3324 2215 56
1194 218
1195 47 10
1196 173
1197 171 2193
1198 865 1256
1199 454
1200 305
1201 393 581 1685 1674 483 20
1202 389 276 1263 1157 746 774 502 514
1203 1323 1691
1204 345
1205 376 748
1206 328 1194 1728 1142 307 910 433
1207 173
1208 594 1471 2329
1209 97
1210 486 10 1970 251
1211 188
1212 169
1213 3160
1214 62 1290
1215 710 530 753
1216 173
1217 850 2321 236
1218 74 50 1007
1219 1415 825
1220 767 758 2895
1221 889
1222 565 22
1223 438 496 1235 1534 64 7
1224 1851
1225 1244
1226 556 283
1227 195 776 125
1228 49
1229 322 715 1728
1230 125 105
1231 917 221
1232 2745
1233 1449
1234 1380
1235 124
1236 1271
1237 1305
1238 1488
1239 2282
1240 522 507
1241 1278 1605 2099 252 392 761 104
1242 605 831 1005 1185
1243 2212 156 728 656 43 644
1244 662
1245 90 43 166 1177 647 716
1246 560
1247 209
1248 1241
1249 945
1250 1135
1251 469 821
1252 143
1253 581 729
1254 600 417 52
1255 1042
1256 656
1257 51
1258 1015
1259 481 2480 1131 2230 312 366
1260 124 524
1261 1744 892
1262 177 2182 915
1263 97 1106 862 1907 631 184 1230 251
1264 1340 2802 354 1083
1265 639 36 979 1967 414 1981 1051 253
1266 277 293
1267 597 829 86
1268 305
1269 860
1270 600 26
1271 644 440 740
1272 960 892 871 211
1273 78 1465 324 588 540 1546
1274 486
1275 1289
1276 1118
1277 15
1278 1070 209 2478 352
1279 807
1280 312 266
1281 283
1282 4
1283 891 955 920 516 470 228
1284 1370 1176 896 2511 848 1551 1330 1913 698 164 448 399
1285 1610
1286 67
1287 623 700
1288 834
1289 790
1290 2253 770 547
1291 420
1292 167
1293 138 522 2313
1294 2300
1295 128
1296 682 465 956 1219 1004
1297 41 2337 1904 26 1381 150 1082
1298 1523 104 1014
1299 38 317
1300 2332 1218 3316
1301 107
1302 64 871 891 946 328 259 304
1303 5
1304 565
1305 64 731 427 280 1103
1306 97
1307 350
1308 860
1309 799
1310 5 359
1311 591 96
1312 949
1313 1531 875 1523
1314 726
1315 294
1316 711 1520 603 23 324 846 1046 1529
1317 714
1318 215
1319 1711 191
1320 1467 587
1321 559 2614 1299 48
1322 720 1363
1323 311 1675
1324 619 275 1093
1325 469
1326 416
1327 1482 555
1328 454 1298 470 668 1304
1329 178
1330 53 321
1331 206
1332 185 167 125 0 882 559
1333 51
1334 941 419 1014 1344
1335 336
1336 1731
1337 242 167
1338 1601 1665 132
1339 363 524 748 352 114 934 1722 39 189
1340 2402
1341 1911
1342 211 1185 1501
1343 646
1344 1150 2056
1345 1290
1346 881 20
1347 1691 1253
1348 1154
1349 217 382
1350 5
1351 68 1235
1352 4
1353 59 903 184 104 197 531 287
1354 54
1355 1736 1018 323 519 836
1356 554 1500
1357 1173 209 117
1358 1157
1359 332 44
1360 63 333
1361 619 738 415
1362 2929
1363 2646
1364 741
1365 733 128
1366 571 748 688
1367 1522
1368 1835 461 1456 1103 1428
1369 422 246
1370 23
1371 133
1372 748
1373 1098 1626
1374 1573
1375 873
1376 24 971 1695 152 2951 966
1377 305
1378 956
1379 1316 1843 440
1380 1712
1381 1240
1382 82 1083 1345 864 985 2003 1449 1847 2288
1383 14
1384 113
1385 562
1386 186 411 904
1387 1843
1388 484 767 25 68 1578
1389 905 770 40 3490
1390 193 534 633
1391 724 156 416
1392 437 1919
1393 15
1394 380 1726 1184 64
1395 730 53
1396 1387
1397 1004
1398 291 2102 2058
1399 316
1400 44
1401 1253
1402 171
1403 618 207 1310 1001
1404 964
1405 437
1406 520 242
1407 296 891
1408 151
1409 1233
1410 1900
1411 316
1412 234 2449
1413 1202
1414 2316 1031
1415 454
1416 2328
1417 1259 1081 891
1418 15
1419 959 326 896
1420 2493 128
1421 922 690 646 209 1218 1330 1280 435
1422 770
1423 1208
1424 2141 128 2788 264 1324 1613 1084 43
1425 290 1082 452 547
1426 33 3492
1427 15
1428 2625
1429 138 280
1430 1110
1431 891
1432 762
1433 1996 731 376
1434 1884
1435 800
1436 209 210
1437 3130
1438 2400
1439 414 1466
1440 1345 113
1441 280 2284
1442 272
1443 167
1444 666
1445 669
1446 78 336 592 1695 1408 1419 769 195 2462 452
1447 625 2096 567 2394 1305 492 871 481 1714 317 542
1448 2847 967 326 2965 27 534 1249 481 64 717 264 2193 1273
1449 401 771
1450 512 1738 738 8 150 1633 1141 2692
1451 41
1452 1135
1453 1528
1454 259
1455 499
1456 0 1757 134 922
1457 246
1458 104
1459 113
1460 2805
1461 321
1462 521 44
1463 1696 461
1464 960 617 14 448 1114 1015 1701
1465 51 521 144
1466 541
1467 1670 195
1468 134
1469 2170 492 2228 1040 185 1561 545 790
1470 321
1471 555 856 153
1472 630 836 1151
1473 273 282
1474 171
1475 134
1476 517
1477 400
1478 504
1479 349
1480 1046
1481 937
1482 975 113 420
1483 2039 51 233 1106
1484 84
1485 1846
1486 9
1487 546
1488 1270 97 1292 1120 1761
1489 1840 929
1490 820 2491 453
1491 890 895
1492 386
1493 958
1494 624 283
1495 755 1063 1018 1308 189 601
1496 217 156
1497 206 236
1498 517 1244
1499 184 316
1500 39 2683 682 2468 975 1075
1501 993 903 1664
1502 1526 715 799
1503 192
1504 1033 26 2047 382
1505 1240 57
1506 2003 623
1507 375
1508 336 521 463
1509 192
1510 212
1511 1181
1512 186 1847
1513 167 1187
1514 9
1515 1174 713 264
1516 2587
1517 22
1518 2555
1519 669
1520 85
1521 1016
1522 719
1523 1073 1084 1355
1524 1653
1525 2049
1526 210 175
1527 2036
1528 1097
1529 72 428 196 853 1586
1530 1993
1531 1803 383
1532 2328
1533 199
1534 2003
1535 312
1536 340
1537 51
1538 321
1539 26 690
1540 124
1541 30 564 788
1542 187 923
1543 251 545
1544 1466 209 896
1545 1251 400 1263 474
1546 1663 1239
1547 311
1548 113
1549 1933
1550 1528 177
1551 56 2541 1042
1552 352
1553 151
1554 788
1555 1540 7 1866 998
1556 374
1557 155
1558 664
1559 1109 470
1560 2736 1059
1561 1159
1562 881
1563 541 1102
1564 129
1565 489
1566 605
1567 116
1568 992
1569 848
1570 124 5
1571 231
1572 1929
1573 609
1574 1154
1575 1194
1576 22 672
1577 139
1578 218 1216 1222 432 97 137 552 642
1579 1720
1580 1526
1581 699
1582 219
1583 539 214 160 619 430
1584 67 75
1585 743 558 1529 16 420
1586 1098 214 296 593 1528 1686
1587 531
1588 909
1589 2011
1590 182 864 971 1703
1591 839 22 48 342
1592 244 376 922
1593 338 547
1594 1333 743
1595 866
1596 774 218 760
1597 1008 1989
1598 1524 777 2338 1401 383 659
1599 58 1346 1858 641
1600 1715 217 475
1601 435 5
1602 921
1603 258
1604 277 1683 114 654 651 1386 516 575 13 1659
1605 4 500 2779
1606 383 284 48
1607 515 2042
1608 432 726 1386 1796
1609 97
1610 1041 1258 588 482 2141 2389
1611 406
1612 472 2655 923 1382 1658 435 898 1400
1613 392
1614 2450
1615 133 2277 556
1616 94 605 501
1617 585
1618 1394
1619 246
1620 533
1621 1347
1622 199
1623 1216 519 1284 48
1624 380
1625 2995 448 1105
1626 2056
1627 1537 547 1109 276 126
1628 993
1629 2020 911
1630 713 1513 1642
1631 2028 841 1539 84 1674 1222 71 2821
1632 519
1633 465 683
1634 134 1221 1057 434 1296 756 359 1457
1635 2061 897
1636 41
1637 3131
1638 550 424 1005 250 1563 97
1639 1866 72
1640 1208 316 606
1641 1721
1642 559 546 132
1643 872
1644 625 1753 2468 131 512 206
1645 2805
1646 116 355 387 1642 440 954 1904 1405 38
1647 853 385
1648 376
1649 322 1999 4
1650 147
1651 909
1652 524
1653 1520
1654 113 573
1655 2210
1656 381
1657 1517 769 600 903
1658 110
1659 892
1660 1232
1661 916
1662 156
1663 419
1664 896
1665 1969 217 219 259
1666 210 1102 296 416 188
1667 1730
1668 769
1669 53
1670 1639 64 2334 831 756 740 1979
1671 40
1672 1005
1673 357
1674 644 1184 590 582 1003 112
1675 1035 2643 1280 632 1401 651 2796 1815 941
1676 919
1677 1667 153
1678 936
1679 3465 391 361 53 2555 2099 1285 1379 727 985 627 180 248 2358 1301 2063 2608 1560 1945
1680 1284 720
1681 1158
1682 2416 423
1683 533
1684 1706 1310 1005 2256 1305
1685 499
1686 983 1812 590 1934
1687 1139 783
1688 195 58
1689 499 928
1690 892
1691 1092 1297 9
1692 512 38 1060 1322
1693 2750 743 790 891
1694 1663 1655
1695 1348 2853 748 122
1696 415 1932 696 925
1697 140 2072 622 204 25 617 1467 70 38 2556
1698 834 116 183 2489
1699 1244
1700 336 662 85 339 35 519
1701 16
1702 41
1703 470
1704 1087
1705 1449 541 20
1706 70
1707 508
1708 909 189 2827
1709 25
1710 23
1711 15 321 642 69 305 311
1712 349
1713 720 1667 499
1714 2239
1715 530 176
1716 1033 586 396 990 1573
1717 259
1718 352
1719 331
1720 715 290
1721 112 1328 1269
1722 1018 615
1723 139 15
1724 508
1725 277 1073 758 754
1726 1647 3142 200 759 657 975
1727 34
1728 885
1729 509
1730 128
1731 171
1732 75 1283 535 2604 2646 43 284 1232 1722
1733 2233
1734 745
1735 2511 392
1736 2367 1678 85 1047 2540 1953 569 1967
1737 908
1738 2214
1739 1456
1740 1151 2308 2919 127 2480 98 1008
1741 535
1742 9
1743 147 409
1744 104
1745 2286 628 1095 1832
1746 1641 1856
1747 1621 1262 713 1236 780 447
1748 890 2703 1009 1289 234 381
1749 337
1750 173
1751 1158 1650 1696 619 217
1752 26 630 120
1753 97
1754 1499 499 291 77
1755 501
1756 1373 988 202 1290
1757 435 283 593 1049 618
1758 173 2174 1346
1759 700
1760 619 655
1761 148
1762 2235
1763 2647 703 2840 808 1889 58 566
1764 331 1810
1765 420
1766 2449 134 1962 292
1767 1405 1003
1768 651
1769 2510
1770 980
1771 278
1772 444
1773 198
1774 325 259
1775 954 1810 39 173 2298
1776 3103
1777 1102 669 1879 1165 807 1157
1778 94 62
1779 55 954 2038 1114 1594 106 455
1780 1118 98
1781 363
1782 133
1783 133
1784 3
1785 519
1786 2091
1787 2398
1788 206
1789 2349 720 437 1369
1790 1105 23
1791 499
1792 110 743 66
1793 149 1069 231 196 792
1794 164
1795 1120 411
1796 434 2083
1797 15
1798 358
1799 1726 1839 277
1800 156
1801 340 275 202
1802 231 2251 1470
1803 2153 2055
1804 111 922
1805 67 171 932
1806 597 713 186
1807 340
1808 142
1809 905
1810 255
1811 640 721 296 10 1106 502 1631
1812 88
1813 97
1814 60
1815 715
1816 2167 993
1817 38
1818 193 678
1819 124 527 1674 84
1820 2303
1821 1297
1822 50
1823 862 544
1824 533 593
1825 1001
1826 892
1827 129 209
1828 246
1829 480
1830 873 1931
1831 2604
1832 151
1833 278
1834 2950 150 202 3108 790 730 743 292
1835 1240 18 1163 434 2835
1836 210 2979 861 3258 2098 1601 1163 974
1837 519
1838 116
1839 96
1840 179 126 683
1841 50 434 105 949 2847
1842 1625 110
1843 27
1844 1654 520 163
1845 15
1846 372
1847 15
1848 433
1849 243
1850 1605 2563 3190 2339 250 2566
1851 209
1852 5 686
1853 126 277 891
1854 1075
1855 808 38
1856 381
1857 209
1858 525
1859 2958 92 1236
1860 2109 147 776 132 717
1861 173
1862 718 597
1863 2459
1864 486 1577 831 1654
1865 58 243
1866 13
1867 1253
1868 3018
1869 814 104
1870 207 177
1871 305
1872 438 808
1873 1255
1874 501 316 437 625
1875 184
1876 3574 820
1877 1954
1878 65 406 662
1879 765 904 418 1890 1531 406 1347 1570 663 843
1880 183
1881 989 195 164
1882 933 4 832 937 803
1883 48 0 411 512 649 106 115 1061
1884 2026
1885 340
1886 416 2949
1887 780
1888 78 849 206 339 13 1120 146
1889 255 623 292
1890 2044 580 189
1891 1262
1892 2329
1893 42 322
1894 719
1895 47 1673 770
1896 922 756 499 170 743 344 2159
1897 97
1898 560 5 2182 1981 998 2046 497 252
1899 134
1900 216 394
1901 497 1088 1011
1902 209 1517
1903 910 1382 1050 2191
1904 2031
1905 1270
1906 681
1907 417 400 887
1908 922
1909 1218
1910 1253
1911 1816 645 1400 1166 878 851 79 2523 435 132
1912 611
1913 1150
1914 3097
1915 1552 2069 2156 1628
1916 155
1917 505
1918 2397
1919 840 1102 1475 1145 781 1262
1920 2181
1921 481 38 724 117 175
1922 697
1923 1398
1924 264 208 288 2745
1925 2430 600 1240 509 1454 153
1926 15
1927 27 1145 1125
1928 942
1929 703 1050 1158 547
1930 1131
1931 504
1932 517
1933 876
1934 12
1935 524
1936 1240 64 132
1937 1000 32
1938 666 726 533
1939 775
1940 2652 734 1157 2551 1004 89 2137 1735 472 1649 648 623 2638 1183 808 1708
1941 2857
1942 1150 1216 116 1819 1042 585 1466
1943 538
1944 2489
1945 1226
1946 280 1535
1947 1868 1712
1948 277 38
1949 277 1726
1950 326 9
1951 54 2835 1775
1952 1817
1953 132 795
1954 788
1955 389
1956 128
1957 1856 283 1331 567 1602 2257 1229 848 1325
1958 415
1959 41 90 1049
1960 415
1961 1244 2387 2078 860 2769 2338
1962 536
1963 2299
1964 153
1965 1130
1966 338
1967 524 577 381 2675 2752
1968 1153 783 470 322 148 1076
1969 1003
1970 383
1971 669
1972 1
1973 649 323 856 246 528 918
1974 2946
1975 1239 1157
1976 632
1977 113 1487
1978 173
1979 287 1311 1791 2474 213 1814 1764 923 2072 444 688 371 3262
1980 14
1981 1198 1118
1982 116 1353 807 186 569 1477
1983 133 493 22
1984 77 130
1985 1231
1986 50
1987 788 334 147 2151 371 2306 1585
1988 349
1989 92
1990 244
1991 1524
1992 381
1993 151
1994 171
1995 51 177
1996 890
1997 729 994 242 576
1998 153
1999 20
2000 387
2001 1351 290
2002 596
2003 754 1103
2004 891
2005 1761
2006 661
2007 890 1542
2008 23
2009 513 2510 1894 316 287 914 2392 916
2010 616 259 1145
2011 1840 1939 857 657 2920 1399 1226
2012 189
2013 84
2014 386 1112 322 1416 1529 780 1088 1667 522 614
2015 1376 1007 1927 110
2016 2435 909
2017 711 486 355 2148 893
2018 92
2019 903 95 567 529 917
2020 72 1482
2021 125 1417
2022 673 1150 1027
2023 1211 2499 183
2024 922 205
2025 2309 2667 112
2026 123 714
2027 15
2028 2679 771 10
2029 1050 153 553 2121 1518 1453
2030 2450 188 831
2031 119
2032 1244
2033 275
2034 382 846
2035 694
2036 952
2037 414 1575 144 1248 611
2038 39 87
2039 243
2040 5 218 797 600 726 2334
2041 1865 164 1149
2042 860
2043 199
2044 545
2045 97
2046 43 954 335
2047 406
2048 2627
2049 2036 936 790
2050 2550 146 3170
2051 278
2052 1229
2053 603 537 155 274
2054 217 127
2055 768 366 970
2056 381
2057 509
2058 167 472 611
2059 1169 533 184
2060 1405
2061 1670
2062 1839 1419 1162 495 1177 1256 974 625 1714 1958 797 182 2112 755
2063 2327 50 1675
2064 1979
2065 68
2066 1675 428
2067 110 17
2068 720
2069 156 383
2070 10 68 675
2071 1491 1039 1272
2072 2752 1050 127 358 291 338 2043
2073 85
2074 64
2075 1263
2076 515 885 1714 547 1275 635 2616
2077 642 558
2078 1005
2079 64
2080 545
2081 124
2082 506
2083 506 507
2084 1180 2201 463
2085 1694
2086 137
2087 1836 1546 1478 839 162
2088 454
2089 1156 1264 647
2090 1613 672
2091 2745 1979 47 893 760 3087 1348 1865
2092 657
2093 1844
2094 425
2095 188 1251
2096 1843 2793
2097 62 71 829 1664
2098 909
2099 591 566 89 1135
2100 364 155
2101 258 745 921 488 265 799
2102 291
2103 1480
2104 48 304 837 1689 1256 483
2105 747 3146 2492 1344 2537 3180 831 2055 1757
2106 1466
2107 381
2108 0 2655 1074 127 759 2686 1065 584
2109 50 116 1617
2110 1516
2111 315
2112 1813
2113 512 131
2114 116
2115 1597 1177 896 1062 1382 293 3208 1884 2146 452
2116 1558
2117 84
2118 501 1130
2119 274 866
2120 1459 1240
2121 486 743 335
2122 396
2123 2105 2793 1087 2001 2133 946 339
2124 2483 130 381
2125 555
2126 713 1871
2127 84
2128 345 868 78 83
2129 480
2130 526 184 1250 748
2131 643
2132 178
2133 1218
2134 149
2135 480 1324
2136 2139
2137 775
2138 1535
2139 662 34 1501
2140 960
2141 922
2142 766 300
2143 503
2144 1126 33 206
2145 151 136
2146 808
2147 1044 202 274
2148 15
2149 1087
2150 2131
2151 2058
2152 472 132 1392 317
2153 0
2154 1036
2155 994 1089 484 1017
2156 19 1488
2157 445 33
2158 173
2159 815
2160 546 104
2161 186 520
2162 1868
2163 2292 797 327 1066 553
2164 2293 982 196
2165 2827 349 1317
2166 1259 1695 859
2167 1712 907 392 356
2168 1118
2169 799 19
2170 246
2171 1439 1381 263 1037 9
2172 1673 377 2021
2173 566 149
2174 1298 1434
2175 1540 669
2176 525 346 104
2177 1856 89
2178 381 1689
2179 2198 840 1051 212 433
2180 1189 885 755 2862 1034 1631 559 139 646 1024
2181 992
2182 891
2183 923
2184 361 113 338
2185 713 2292 644
2186 184 291
2187 1011 1328 506 1030 755
2188 218
2189 860 1105
2190 134
2191 524 1439
2192 814
2193 1172 754
2194 2338 2294 300
2195 119
2196 2227
2197 579
2198 2281 69
2199 1063
2200 643
2201 864
2202 714 821 1053 644 776 171
2203 2553
2204 496 607 2088 741 305 212
2205 1786 406
2206 671
2207 1604 1206 1254
2208 1227
2209 1501
2210 45 637 612
2211 533
2212 909
2213 2243
2214 156 512
2215 944
2216 768
2217 1131
2218 795 48 335
2219 600
2220 124 2514
2221 110 164 423
2222 326 557 527 68 467 1150
2223 44
2224 762 735 597 925
2225 221
2226 1967
2227 603
2228 40
2229 363 496 438
2230 386 1376 2249 662 283
2231 226 2655 1326 587
2232 156 5 1256
2233 1628
2234 92 881
2235 429
2236 244 1098 139 1301 144
2237 173
2238 1398 1228
2239 186
2240 560 2321
2241 864 237 758 68
2242 51
2243 548 2186 1231 387 922
2244 2275
2245 982 5
2246 611 2625 392
2247 766 1469
2248 321
2249 2237
2250 322 1064 1311 535 990
2251 832
2252 15
2253 99
2254 531 388
2255 23
2256 891
2257 652 1500 616 862
2258 438 1973 115
2259 129
2260 439 2020 280
2261 843 139
2262 1466 151 74
2263 1280 62 1909
2264 1604 480 2191
2265 171
2266 15
2267 129
2268 1256
2269 454 283
2270 149 1563 244 336
2271 489 697
2272 862
2273 569
2274 831
2275 135 979
2276 89
2277 2220
2278 1130 1568 404 1113 1539
2279 529
2280 162
2281 112 1524
2282 263
2283 44
2284 420
2285 1228
2286 714
2287 1449 48 516 560 619 1824
2288 612
2289 1531 21
2290 58
2291 97
2292 611 189 1092
2293 41
2294 555
2295 728
2296 96
2297 1204 651
2298 936
2299 210
2300 1543
2301 195 206
2302 641 970 6 164
2303 2046 1711 753 185 1629 1976 1473 1834 2652
2304 20
2305 674
2306 283 147
2307 104
2308 171 434
2309 1018
2310 194
2311 644
2312 666
2313 350
2314 1216
2315 523 792
2316 184
2317 209
2318 2779
2319 267
2320 43 703
2321 932
2322 105 1466 198
2323 95
2324 788
2325 499
2326 277
2327 57
2328 560
2329 189 1181
2330 226
2331 409
2332 505
2333 416 41 588 1417
2334 1003
2335 215
2336 16
2337 630 719
2338 1509
2339 369 424 690 144
2340 311
2341 2663
2342 390
2343 532 7
2344 434
2345 46
2346 113
2347 1472 1730 1617
2348 702 386
2349 737 591
2350 945 20
2351 213 1819
2352 140 873
2353 666
2354 1046 559
2355 22
2356 544
2357 337
2358 263
2359 122
2360 713
2361 1244
2362 60
2363 1571
2364 213
2365 74
2366 148
2367 353 513 124
2368 1272
2369 326
2370 382
2371 1194
2372 559
2373 78 48
2374 1131
2375 31 1747 2299 1107 919
2376 44
2377 2742 400 117
2378 884
2379 1643 880 237 487 293
2380 454
2381 305
2382 680 196 1251 1596 735
2383 523
2384 352
2385 46
2386 128
2387 755
2388 265 506 379
2389 541
2390 229
2391 178
2392 352 489
2393 213
2394 759 92 184
2395 469
2396 417
2397 2123 338
2398 748
2399 1115
2400 110
2401 861 735 966 727 2093 2611
2402 322 120
2403 194
2404 26
2405 54
2406 121 151
2407 523
2408 19 865
2409 100 2524
2410 766 783 720 843
2411 44
2412 711
2413 376 128 74
2414 331
2415 1158
2416 531
2417 566
2418 399 1200 179 896 1712 164
2419 480
2420 189
2421 183
2422 91
2423 713 73
2424 2043
2425 1628
2426 17 184
2427 708
2428 1114 2093
2429 117
2430 168
2431 171
2432 124
2433 92
2434 175 1228
2435 1665 328 1120 1365 873
2436 0
2437 730 1111
2438 1005
2439 512
2440 1649
2441 390
2442 22
2443 1909 620
2444 767 208 568
2445 211 740 323 1811 194
2446 730
2447 167
2448 1270
2449 128
2450 2064 44
2451 343
2452 2632 479 1940 738 305 1105 361
2453 218 693 896
2454 651 636
2455 619 755 842 1304
2456 758 1007 1153 615 737
2457 381 26
2458 561 1442
2459 891
2460 151 775
2461 171 389 1185
2462 646 885
2463 1038
2464 3 558 84
2465 22 759 467
2466 212
2467 155 62
2468 1648
2469 195
2470 1005
2471 20 390 140
2472 480
2473 246
2474 2202
2475 662
2476 444
2477 1885 321 486
2478 1954
2479 308
2480 537 76
2481 167
2482 321
2483 1411 122 1839 198 780 237
2484 2011 515 51
2485 143 2049
2486 662
2487 42
2488 1686 514 2386 54
2489 355
2490 2358 764
2491 13
2492 532
2493 164
2494 2285
2495 1049 2401 1885 587 1925 1154
2496 1573 871
2497 724 848
2498 277
2499 1350 107
2500 797
2501 516
2502 41 1264
2503 1723 1968 148
2504 92
2505 870 134 177
2506 2345 2420 258 328 297 803 748 1857 31
2507 332
2508 97
2509 628
2510 547
2511 128
2512 1297
2513 168
2514 112
2515 4
2516 512
2517 0
2518 686
2519 173
2520 92
2521 205
2522 206 127
2523 273
2524 2825
2525 1519 1017 2148
2526 711
2527 2581
2528 1368 740 1306 2208 252 1737 2093 242 650
2529 1044
2530 1503
2531 593
2532 607 1054
2533 1631
2534 49
2535 690
2536 1451 801 787 242 135 5
2537 127
2538 587
2539 202 1674 363
2540 1826 1966 1428
2541 0
2542 159
2543 834 15 1033 1565 135 128 1712 50
2544 860
2545 1875 68
2546 1963 1009
2547 593
2548 2266
2549 174
2550 1066
2551 215
2552 428
2553 1106
2554 2524 132
2555 87
2556 357
2557 591
2558 1831 434
2559 1528
2560 26
2561 1014 388
2562 484
2563 567 67
2564 771 644 1438
2565 50 925 1071
2566 119 1115 1472 1120
2567 2140
2568 1181
2569 85
2570 189
2571 104 258
2572 1348
2573 20
2574 209 923
2575 145 1103 1112
2576 416
2577 488
2578 1195
2579 158
2580 796 47 386 594 198
2581 381
2582 558 1113 37 641
2583 477
2584 2109 2067
2585 1456
2586 1712
2587 1462
2588 105 470 155
2589 2388 278 1295 1029
2590 159
2591 1190 431 2741 396 3126
2592 795 171
2593 173
2594 690 2454
2595 116
2596 3
2597 209
2598 251 515 896
2599 956
2600 748
2601 1588
2602 1157
2603 563
2604 495 1673
2605 3
2606 559
2607 372 982 272
2608 156 2000 1491
2609 519
2610 1398 292 601 1276 895
2611 290
2612 1195
2613 124
2614 372
2615 167
2616 799
2617 283
2618 1539
2619 117 92
2620 909 1401 431 916
2621 27
2622 634
2623 72 186 896 641
2624 740 188
2625 44
2626 1120 1651 316 1298 631
2627 743 765 79
2628 840 52 217
2629 1935
2630 45
2631 60
2632 672
2633 1762 167 160
2634 982
2635 290
2636 1366
2637 5 669 577 2292 847 777
2638 1256
2639 501
2640 547 96 149 201
2641 59
2642 416 382 666 2658 911
2643 321
2644 33 686 392
2645 2093
2646 113
2647 37 939
2648 2489 1797 2003
2649 171
2650 879 1018
2651 797
2652 434
2653 464
2654 363
2655 1613 25
2656 315
2657 39
2658 1061 669
2659 639
2660 1476
2661 708
2662 326 38
2663 65 274 484 92
2664 799 1894 975 786 861 646 99 325 1063
2665 284
2666 321
2667 900 23 1509
2668 184 434
2669 59 1236 1
2670 438
2671 2081
2672 2648
2673 109 1231
2674 808
2675 194 435 1584
2676 120
2677 132
2678 635 382 1298 328
2679 2237 527 5
2680 1312 875 609
2681 1013 1139
2682 163 489 273
2683 226 1263 363
2684 1069 96
2685 788
2686 317
2687 900 60
2688 2418
2689 829
2690 895 835 420
2691 475 195
2692 2065 985
2693 315
2694 134
2695 905
2696 949
2697 184
2698 1377
2699 290 686 507
2700 2058 126
2701 740
2702 44
2703 381
2704 198
2705 369
2706 24
2707 862
2708 603
2709 1244
2710 644
2711 876
2712 44
2713 603
2714 64
2715 1738
2716 167
2717 908 1033
2718 1789 594
2719 123
2720 596
2721 740
2722 2955
2723 171 419 474
2724 1993
2725 59
2726 168
2727 126
2728 1475
2729 2580 5
2730 42 177 614
2731 619
2732 1228
2733 450 2216
2734 3
2735 1545
2736 3421 2613 385 237
2737 156 376
2738 311
2739 151 666
2740 1213
2741 1344 84
2742 479 455 668 307 459
2743 916 393
2744 1106 1384
2745 799
2746 2 1566
2747 166 585 603 258
2748 237
2749 577 221
2750 537 113
2751 229 41 758 1210
2752 1174 3326 175 2269 212 852
2753 1539
2754 463
2755 726 2004 335
2756 104 1517
2757 50
2758 327
2759 611
2760 221 237 546 2532 1154
2761 215
2762 104
2763 316 905 1537 1022
2764 198 148 183
2765 48 273
2766 246
2767 214
2768 1341 694
2769 1181
2770 783 240 1466
2771 1222 1075
2772 1537
2773 184 2289 1537
2774 3101
2775 1230 688 1042 1364
2776 1065 2616 561 4 386 1400 326 1878 2124
2777 229 84
2778 2599 104
2779 945
2780 939 714 1447
2781 667
2782 64
2783 209 2018
2784 392 561
2785 1022 1582 376
2786 795 87
2787 1586 174
2788 3144
2789 2159 1241
2790 1608
2791 123 385
2792 955 109 2329 1053 1418 1673 1988 758
2793 1651 1497
2794 217
2795 718 531 9 615 1344
2796 1810
2797 1466
2798 168
2799 1108
2800 831
2801 43
2802 141 275
2803 110 587
2804 743
2805 2204
2806 681 648 3326 2489
2807 176 961
2808 97 106
2809 919 630 1334 2241
2810 1557
2811 139 740
2812 15
2813 125 217
2814 694
2815 711
2816 799
2817 386 265 1302
2818 1712
2819 2977 15 1185 2385 1418 666 1134 1003 1899
2820 1467
2821 1584
2822 1590
2823 144 240 60
2824 411 1650 438
2825 1546 201 603
2826 217
2827 1030
2828 1638
2829 669
2830 204
2831 26 865
2832 48
2833 1835
2834 2559
2835 134
2836 60 26 315
2837 420
2838 790
2839 1772 949 396 982
2840 586 1243 1263 2587 2604
2841 244
2842 463
2843 287 156
2844 606
2845 1344 1517
2846 729 214 835 1419
2847 2963 2059 636
2848 2341 412
2849 148
2850 515
2851 1126 1679
2852 696
2853 280 321 2688 266 232
2854 2242
2855 939
2856 1067 745 1081 1109 189 1241 3043 394
2857 26
2858 328 514
2859 259 1641 1913 379 517 524
2860 788
2861 1101
2862 524 2161
2863 800
2864 186
2865 116 128 363
2866 3
2867 31 3
2868 885
2869 155 128
2870 790
2871 1537 322 348 1928 1256
2872 191 153 416
2873 1448 1629
2874 96
2875 535 432
2876 98
2877 662 35 625 501 335 2456 1533
2878 85
2879 982 363 166
2880 173
2881 104 2271
2882 335 876
2883 2153
2884 92 335
2885 86
2886 95 850 2097 1071 518 1371
2887 647 741 400 580
2888 419 0
2889 1225 64
2890 311
2891 719
2892 237
2893 713 526
2894 172 280 1851 1014 808 2416
2895 599 808 273 107
2896 92 1213
2897 2648 1887
2898 495 74 424 99 1365
2899 1385 1103 1526
2900 625 617 437
2901 4
2902 1723 426
2903 509
2904 390 183
2905 237
2906 596 167 1851 954 426 2418 1216 117 181
2907 1817
2908 1930 374 1672 1067 1670 520 929 2829 2409 326 799 349 1711
2909 324 2376
2910 2281
2911 277
2912 2218 1251 437 1543
2913 565
2914 1120
2915 2268 2228 3596
2916 105
2917 127 20 703 383
2918 237 758
2919 51
2920 643 565
2921 743
2922 1216
2923 38
2924 1200
2925 836 406 33 858
2926 1256
2927 515 1037 939 756 711
2928 905 555 1928 242
2929 104
2930 2295 146 776
2931 27
2932 901 324
2933 760 866 627 283 138 81 2002
2934 603 4
2935 1594
2936 416 1014
2937 842 78
2938 1158 244
2939 495
2940 1158 1500 236 428
2941 199 1921
2942 347 839
2943 23 535
2944 125
2945 94 675 148 185 90
2946 324 331
2947 2314
2948 22
2949 2200
2950 134
2951 895 67
2952 1658
2953 1691
2954 5 266
2955 64
2956 96
2957 134
2958 38
2959 2231
2960 960
2961 94 2318 1001 387 1586 516 2011
2962 259
2963 153
2964 2041
2965 577 1195 661
2966 2508 605 323 136 2420 538
2967 386 376
2968 970 322
2969 280
2970 183
2971 1423 530
2972 317
2973 2153 897
2974 797
2975 1041 315
2976 679
2977 1755 111
2978 10
2979 2727 48
2980 769
2981 1231
2982 2869
2983 1181
2984 117 105
2985 593 273 2755 2529 583 141 437 244
2986 42
2987 308
2988 1594 33
2989 10 42 225
2990 631
2991 68
2992 512
2993 433 2620 1677 1145
2994 117 1118 558 123
2995 1103 336 810 741 98
2996 51 803
2997 69
2998 1853 1314
2999 552 748
3000 39 1118 390 2495
3001 547 281
3002 26
3003 982 2646
3004 676 861
3005 790
3006 352 733 1221
3007 1190
3008 210
3009 964 77
3010 2727
3011 954 317 644 651
3012 1571 826 1008 925 358
3013 593 1233
3014 249
3015 317
3016 1935 67 1232 1336
3017 974 1403 399 2836 1344 78 1118
3018 147
3019 425 48
3020 77
3021 516 522
3022 294
3023 1272 133 652
3024 1862 1437
3025 607 1341 792 1775
3026 92
3027 133 134
3028 434 432 259 703 1596 2481 125 625
3029 51
3030 633 1642 1707 87 296
3031 2067 1777 2186 141 905 368 625 81 936 726 1210
3032 885 25
3033 480
3034 244
3035 547 40
3036 510
3037 1474 9
3038 1506
3039 322
3040 790 531
3041 78
3042 1181
3043 1352 701 1093 857
3044 5 546
3045 1855
3046 434
3047 714
3048 645
3049 663
3050 612 1014 892 283 994
3051 591
3052 2133 418
3053 328 1115 1228 958 199 342
3054 304 642 1841
3055 5 184 119
3056 529 434
3057 19 1120
3058 167
3059 1687
3060 199
3061 655
3062 837
3063 2127
3064 733 1135 376
3065 1929
3066 237 1237 2259 1243 1001 1309 2768 221 945
3067 321
3068 267 156 1585
3069 7
3070 687
3071 900 363 1407
3072 97
3073 447 145
3074 23 2770 863
3075 97
3076 246
3077 2254
3078 128
3079 1614 1039 106 237 890 1270
3080 205 62 321 2532
3081 900 719 13 1598
3082 1639
3083 1171
3084 376 48
3085 506 605
3086 487 448 532
3087 116
3088 1106
3089 860
3090 92
3091 220
3092 2451 1061
3093 184
3094 221 1775
3095 683 126
3096 428
3097 561
3098 539 1088
3099 246
3100 743 68 497
3101 425
3102 406
3103 1158
3104 538 1101
3105 420
3106 406
3107 1649 593 605 175 9
3108 1808
3109 848 1228 104
3110 64 2649
3111 167 506 897
3112 1686
3113 1848 537
3114 182
3115 939
3116 162
3117 903 619 610 195 76 763
3118 643
3119 317
3120 1208 41 74
3121 480
3122 217 740
3123 3186
3124 24 1459 146 1307
3125 85
3126 2041
3127 252 770 64 517
3128 452 1654 335 577 2416 1203
3129 209
3130 950
3131 1991
3132 406
3133 733
3134 317 1286
3135 62
3136 223
3137 2116 682 1256
3138 797
3139 1363 1933 682 1134
3140 575
3141 1344
3142 1085 22 2567
3143 533
3144 2503 755
3145 755
3146 541 898 350
3147 732 420
3148 952
3149 1790
3150 91 78
3151 612
3152 1429
3153 48 371
3154 1466
3155 619
3156 98 1596
3157 1075 1150 755
3158 673 385 625
3159 120
3160 5
3161 627
3162 1912 856 1460 1118 17 1102 1327 644 982
3163 68
3164 1789
3165 662
3166 735 251 600
3167 807
3168 1241 277
3169 132
3170 1270 152
3171 184 172
3172 856
3173 567
3174 30
3175 23
3176 866
3177 720 245 1586
3178 1650
3179 177 148 634 181 2470
3180 1237
3181 593 2135 1666 1602 256 1298 184
3182 123 1003
3183 244 642
3184 343
3185 1237
3186 112
3187 3354
3188 792 2391 1115 746 1866 1118
3189 38
3190 1072 942 2555 2144 1685
3191 587 772
3192 922 434
3193 891
3194 2028 38
3195 558 790 1813 547
3196 982 1792
3197 2321 788
3198 48
3199 796 1105
3200 208 834 203 688 2855
3201 68 217
3202 85 1433
3203 641
3204 117 524 38 420
3205 307
3206 584
3207 518 125 2003 800
3208 1983 1668 237
3209 1973 2637
3210 1542
3211 1927
3212 252 371
3213 665
3214 69
3215 729 591 157 1902
3216 579 1689 605 546
3217 2403
3218 263 23
3219 105
3220 151
3221 38
3222 873
3223 1264 435 381 1300 396 838 647 204 642 330 86 1165
3224 177
3225 547 315
3226 134 504 1321 246
3227 37 124
3228 106 1131
3229 493 38
3230 520 591
3231 1986
3232 1962 535
3233 2031
3234 790
3235 177
3236 1290
3237 2046
3238 470
3239 184 290
3240 470
3241 1154 1209 5
3242 2003 929 116
3243 0
3244 429
3245 387 244 433
3246 127
3247 161
3248 790
3249 274 534
3250 594
3251 790
3252 56 1488
3253 1313
3254 521
3255 1831
3256 62
3257 1348
3258 386 1540 448 645
3259 196 50 89
3260 1630 637 2200 95 543 853
3261 1185
3262 755 1699
3263 522
3264 1217 1262 1583 2360 1577 1206
3265 234 237
3266 1341
3267 808
3268 259
3269 716 88
3270 714 1071 242 2545
3271 565 277 731 1240 300 2096 75 79 414
3272 167
3273 358 857
3274 104
3275 242
3276 229 366
3277 3238
3278 322 3
3279 92 892 210 22 242 524 803
3280 124 386
3281 560
3282 44 1726 605
3283 743
3284 167 1878 959 78 999 104 2332
3285 722
3286 1462
3287 1237
3288 1675
3289 908 411
3290 1218
3291 748 586 859 1059 1746 231 840 108 90 1872
3292 45
3293 2554
3294 1366
3295 163
3296 2438 40
3297 1162
3298 453 766 767 1942
3299 183 713 748 644
3300 2564 2929 213 132
3301 1366
3302 203
3303 32 625
3304 2155 240
3305 834
3306 308
3307 1403 109 133 690 156 1575 118 251
3308 1351 13 112
3309 2514
3310 3250 2174 503 1171 26 1209 1005 1658 1226 184
3311 2210 827 164 432 2008 848 2816
3312 1718 48 884 754 1423
3313 698 1303 331 2965
3314 765 300
3315 529
3316 611 22
3317 420
3318 1543 2233
3319 72 1301 1203 539 1363 650
3320 392
3321 67
3322 1135 508
3323 209
3324 345
3325 58
3326 1253 275 797 62
3327 1360 118 67
3328 239 1529
3329 5
3330 200 266
3331 936 1674
3332 244 317
3333 382
3334 221
3335 1341 990 193 1439 1797 180 187
3336 937
3337 1712
3338 797
3339 38 919
3340 2627 489
3341 872
3342 735
3343 766
3344 175 1126
3345 741 1961 1449
3346 818
3347 112
3348 242 40
3349 537
3350 1305
3351 1111
3352 597 163 1101
3353 743
3354 3264
3355 62 202 1092
3356 625
3357 1668 444 89
3358 1659
3359 168
3360 1230 1658
3361 583
3362 586 941 1115
3363 444 593
3364 928 98 1310 1346
3365 406
3366 608 275 207 2514
3367 643
3368 199
3369 110 2483
3370 261 158 763 256 756
3371 1176
3372 2769
3373 570 22
3374 952
3375 790
3376 1967 2556
3377 988 635 1183
3378 350
3379 1620 1629 611 983 2115
3380 1755
3381 305
3382 2046
3383 2556 790
3384 1076
3385 243 1107
3386 420 611
3387 530
3388 192 619 765 200 614 2555
3389 2506 1629 531
3390 1866 917 1716 53 481 155 527 400 2123 622 1188 904 760
3391 41
3392 558 78 861
3393 1158 1512 77 236
3394 278
3395 237
3396 1730
3397 324
3398 209 895
3399 69 879 2098
3400 856 984 586 871 35 2182 2556 575 311
3401 1544 694 140 1639
3402 1166 1310 202
3403 647
3404 168
3405 167
3406 44
3407 7 717
3408 1000
3409 567 737 214 1792 42 1185 44 23
3410 737 15 105 79
3411 416 98 999
3412 1913 14
3413 949 210 675
3414 23 176
3415 3120 1972 994 21 171
3416 2031
3417 210 1449 1051
3418 434 167
3419 1906 38 173
3420 577
3421 126 592 645 1337
3422 619 189 1066 50
3423 1423
3424 1405 696 48 400 1979
3425 957 62
3426 210
3427 1526 700
3428 1130
3429 766 346 324 806 2257
3430 116
3431 864 2427
3432 1237
3433 21 561
3434 45 1847
3435 134 780 1865
3436 206
3437 618
3438 720
3439 167
3440 812 544 915 1256
3441 209 467
3442 1451
3443 171 275
3444 2083 1811
3445 374
3446 202
3447 48
3448 662
3449 315 256
3450 466
3451 116
3452 211 319 1575
3453 134 523 1088 660
3454 171
3455 133
3456 116 128
3457 759 1612
3458 1455
3459 994
3460 1475
3461 1380 84 1046 30 983 648
3462 127
3463 132 3224 26 504
3464 687
3465 1848
3466 743
3467 434
3468 1106 1975 159 914 1268
3469 567
3470 42 2555 163 2552 1136 1687 706 881 1970
3471 194
3472 138 145
3473 203 1638
3474 1034 336 78 1084 321 645 1406
3475 1989 128 501 1631 84 1407 1507 64
3476 14 2220
3477 2302
3478 243
3479 64
3480 242 1466
3481 26
3482 2454 220 931 546 171 3113 900
3483 1755 743 1301
3484 861
3485 620
3486 2573 75 182 884
3487 1553
3488 43 424
3489 132 29 1454
3490 1290 1499 664 2389 284 480 1576 945
3491 1311
3492 0 1071
3493 273
3494 277
3495 316
3496 43
3497 2144 581
3498 918 1042 1285 1280 828
3499 175
3500 922 1471
3501 64
3502 1457 1097 1208 1843 547
3503 492 647 1817
3504 1039
3505 186
3506 719 482 839 699 1558 1280 167 363 396 1421
3507 62
3508 120 137 535 566 831
3509 775
3510 105 531 622
3511 1099 3068 349 187 426
3512 1066 18 1427 2529
3513 237
3514 1513
3515 52 251
3516 424 832
3517 218 642 333 112 1754 3635
3518 116 2841 310 1529 1382 1991 1487
3519 2470 135 81
3520 632 216 1154 754
3521 48
3522 529
3523 1852 645
3524 1171
3525 199 1273 203 1803 2291 231 682 388 625 1025
3526 458
3527 213 2781
3528 555 847 42
3529 1145
3530 1913
3531 1516 91
3532 350
3533 186
3534 546
3535 1899 437
3536 837
3537 120 56
3538 1364 22 1585 3314 2264 1027 881 437 1038 799 950
3539 687 787 573
3540 982
3541 2281
3542 718 276
3543 3124
3544 263
3545 3155 200 177 156 0
3546 2590 1352 437 1956
3547 533
3548 151
3549 1617 1241 95 273
3550 799
3551 48
3552 74
3553 1158
3554 851 846
3555 538 434
3556 182 273 870 38
3557 210 699 711
3558 171
3559 255 1130
3560 919 1162 15
3561 148 186 1797 110 1245 2235 256
3562 1570 1298 642
3563 2393 1125
3564 988 898
3565 1237
3566 92
3567 376 1014
3568 1977 561 683 788 1044
3569 2610
3570 1887 733
3571 158 542
3572 533
3573 2591 465
3574 1118
3575 124 719 159 654 666 1575
3576 3196
3577 186 603 642
3578 1797 728 1101
3579 237
3580 294
3581 646
3582 526
3583 387
3584 3066 2688 529
3585 1126 689
3586 420
3587 1112 1154 1069
3588 202 605 2149 884 781 1403 44
3589 1335 799 265 46 336
3590 2686 1435 611
3591 3307 542 1756 1682
3592 287
3593 189 594
3594 788
3595 960 1253
3596 606
3597 1051
3598 529 1014
3599 40 587 1731 521
3600 1797 693
3601 164
3602 1269 1243 883 3175
3603 422
3604 352 210
3605 7
3606 153 2019 1994
3607 231 2011
3608 870 78
3609 280 619 697 1048 2232 644 3238
3610 385 127 2153
3611 1935 1310 325
3612 1431
3613 19 213
3614 309 542
3615 643
3616 204
3617 495 896 1562 653 2269 193 394 1935 2101 2237 2292 2120 3233 2230
3618 1387
3619 1658 1953 335 237 213
3620 664 71 1978 1283
3621 385 338
3622 960
3623 259 1 990 195
3624 171 529 226
3625 465 829 1382 193 2927 1131 733 18 1816
3626 941
3627 2713
3628 669
3629 1396 646
3630 217
3631 936
3632 1858
3633 1916
3634 1651 464
3635 128
3636 263
3637 1700 758
3638 908
3639 519
3640 547 911 489 1149 495
3641 1737
3642 808 1075 954
3643 153
3644 113
3645 740
3646 1559
3647 1835 4 2064 1037 97 144 584
3648 198
3649 762 94 1617 825 1082 777 2176 2237
3650 86 448 432
3651 332 1150 1674
3652 208 237
3653 112 2802 237
3654 187
3655 1227
3656 1879
3657 102 1723 175
3658 499
3659 96
3660 999 2003
3661 2371
3662 86
3663 821 42
3664 1017 381 175
3665 62
3666 823
3667 305
3668 897 2199 1302 1222 558
3669 170
3670 1712 349
3671 104 77 1475
3672 561 392 237
3673 87
3674 423 217 529 427 1515 1184 2336 446 1666
3675 896
3676 1085 501
3677 1013 1717
3678 39 799 2493 737
3679 293
3680 1300 2465 65 622 1181 2343 1936
3681 1605
3682 2259 499 180 85 1920 597
3683 1523 541
3684 5 504 330 259
3685 1126
3686 125 1524
3687 1237 1394 3173 565
3688 1665 1674 873
3689 1200 20 3075 921
3690 713 2170 242 2011
3691 5
3692 1018 762 1685 63 440 2492
3693 167
3694 1293 1755 1646 252
3695 597 134
3696 273 60
3697 250 1066
3698 1586
3699 317
3700 633
3701 611
3702 1641
3703 1185 893 477
3704 168 208 1264 2213 50 76 19 1415
3705 1826
3706 522
3707 748
3708 604 746 1066 141
3709 735
3710 1674
3711 764 1482
3712 89 525 755 88 1386
3713 1634
3714 526 2895 680 209
3715 529 3096 1547 2828
3716 905 376 1499
3717 109 1232 424
3718 1393
3719 1194 469 593
3720 420 167
3721 2386
3722 866
3723 184 601 400 945 127 1125
3724 922
3725 30 155 38 1691
3726 292 550 1968 274 116
3727 127
3728 1153 135 454 264 13
3729 84
3730 929 988
3731 1106 236 162
3732 506 1120
3733 213
3734 101 1083 26
3735 1985 2389
3736 865 693
3737 158
3738 1582
3739 713
3740 244 110
3741 255 1164
3742 1093
3743 335
3744 138 22 3
3745 182 60 864 746
3746 657
3747 608
3748 64 1365
3749 116
3750 273 2866 1042 202 715
3751 595 1165
3752 1410
3753 1539 19 600 1286
3754 454
3755 1044 583 155 359 2553
3756 242 68
3757 461
3758 443 691
3759 842 68 1009 74
3760 1101 538
3761 213 2262 974 1215 217
3762 1922 386
3763 420
3764 988
3765 274 1212
3766 352
3767 287 2949 408 2454 791 116 770 419
3768 17 828 30 182 343
3769 1418 1310 354
3770 936 404 728 1175 44
3771 3211
3772 407 1795 662 147
3773 255
3774 45
3775 198
3776 115 1285
3777 1107 563 977 879 586 2648 1365 1118 1081 1992
3778 1526
3779 2350 1204 939
3780 593
3781 2328
3782 335
3783 371
3784 0
3785 1206
3786 1211
3787 428
3788 1755 67
3789 531 756
3790 104 383
3791 1843 2564 2241 1718 347 1916 73 153 609
3792 2193 731
3793 315
3794 1135
3795 175 41 168
3796 124
3797 366
3798 1903 2183
3799 594
3800 1296 2397
3801 1524
3802 126
3803 1129 1118
3804 982
3805 209 2356
3806 508 622 1295 2158 133
3807 276 911 1585 918 692 861 822 1029 488 593 2548 461
3808 720
3809 1308
3810 799 1579
3811 2732 112
3812 0
3813 1517
3814 1499 1228
3815 1018 64 89 2216
3816 1545
3817 85
3818 160 1929
3819 864
3820 924 84 3324 1618 958 14 1253 2549
3821 641 2785
3822 2524 1273 319 489 2159 255 975
3823 929 641 3099 46 724 1836 852 1286 1042 68 1507
3824 1228 788 798 2235 566
3825 5
3826 1563 2477
3827 113
3828 1403 55 411 1711 460 1804 2907 1030 525
3829 0 526
3830 1723 641
3831 259 101
3832 512 814 60 199
3833 418 1316 667 625 524 519
3834 138
3835 2376 354 640 26 455 669
3836 1344 1950
3837 266
3838 1084
3839 116
3840 193 523 2855 1172 1723 3390 700 1059 1925 404 2066 703 2017
3841 577 740 1308 213 1685 1876 3014
3842 40
3843 2896 2365
3844 315
3845 711
3846 586 1889 1443 209 205
3847 1929
3848 1075
3849 1423 351 495 918
3850 1097
3851 933
3852 853 756 714 2292
3853 2799
3854 891
3855 1054
3856 2679
3857 452 1042
3858 646 92 905 163
3859 664 294
3860 132
3861 1011
3862 202
3863 1517 111 2046
3864 2057
3865 716
3866 758
3867 119 368 982
3868 790
3869 317
3870 0 331
3871 710
3872 1462
3873 808 213
3874 939
3875 372
3876 1449
3877 2094 967 143 523 874
3878 482
3879 491
3880 40
3881 472 488 1648
3882 40
3883 1270 738 1061 2605 1538 1242 1730
3884 338 2977 957 2148 1647 13
3885 107
3886 283 2174 678 406
3887 77 1448
3888 2031 1633
3889 237
3890 1241
3891 1314 2497 18 432 35
3892 392
3893 38 277
3894 1522
3895 1425 1664
3896 1481
3897 1639
3898 327
3899 1301 138 1403 1415 40
3900 69
3901 713 2293
3902 2170 3174
3903 1887 1683
3904 371
3905 213
3906 44
3907 2474 1157
3908 277
3909 767 714 236
3910 5
3911 636
3912 745 273
3913 916 461
3914 812
3915 797 687 1296 901 1313 605
3916 221
3917 1253
3918 656
3919 1251
3920 544
3921 828 470
3922 726 277
3923 1507
3924 64 38
3925 1258
3926 155 357
3927 68
3928 1975 359 105 769 107 180 377
3929 1004 2122
3930 418 1441 1150
3931 199
3932 383
3933 635 2555 97 647 1851 1242 993 925
3934 168 945
3935 382
3936 680
3937 845
3938 1471
3939 251 136 2099 2525 2216
3940 1208
3941 486 815 237 1134 600 406 1733
3942 128
3943 423
3944 74 568 1764 514 147 486
3945 434 283 91
3946 1075 626
3947 2869 1476
3948 26
3949 1171
3950 404 590
3951 665
3952 335 843 1368
3953 528
3954 1873 903
3955 533
3956 246 217 391 210
3957 875 1476
3958 349
3959 1120
3960 432 759 767
3961 2429
3962 382 159 280 1845 41
3963 1156
3964 1070 38 208
3965 13
3966 1093 668 91 581 1411
3967 546
3968 2133
3969 65 376 619
3970 627 2124 738 913
3971 104
3972 937
3973 2885 280
3974 895
3975 269 101 381
3976 896
3977 1234 194
3978 1683
3979 1894
3980 148 2233 1766
3981 2227
3982 537 147
3983 145
3984 318 3165 78 1756
3985 400
3986 218
3987 1083 792 67
3988 337 401 676
3989 909
3990 3056
3991 737 399 65 240 1088
3992 350 1218 521 1617
3993 72 975
3994 53 432
3995 112 843
3996 825 221 132 703
3997 847 964 1142 646
3998 273 126 738 839 2116 592 69 2013
3999 1131
4000 640 706 332 352 2895
4001 617
4002 2091
4003 240 48
4004 154 831 85
4005 759 2537 724
4006 737 2432 2430 1115 2650 159
4007 853
4008 1132 1700 732 1576
4009 273
4010 1115
4011 2241
4012 776 244 204
4013 699 1810 1728
4014 2003 105
4015 644 1217 383 1151 795 109 961
4016 1171
4017 98 856
4018 868
4019 217
4020 1092 1216 2969 1431 587 828 776 935
4021 911 2380 40 60 132
4022 5
4023 445 19 359
4024 2340
4025 1073 324 125
4026 220
4027 1058 1216 759 2146 2869 176
4028 1064
4029 1344 1157
4030 600
4031 189 90
4032 466 743 924 95 118 1416 127
4033 19 127
4034 134
4035 20 18
4036 851
4037 547
4038 381
4039 1861 181
4040 512 760 898 622 1274 814 857 1664 1812
4041 236 51 94 113 803
4042 502 39
4043 1098
4044 174
4045 669
4046 843
4047 469 845 669 2980 312 1331 937 2882
4048 2548 1250 2663 916
4049 128 743
4050 1245
4051 1014
4052 45 1331 2525 51 1233
4053 1004 79 1281 2042 1014 138 2121
4054 1055 1353 258 1014 1198
4055 1166
4056 126
4057 2542 311 1925 175 815 423
4058 740
4059 145 792 1149
4060 1585
4061 1181 274 256 894
4062 669
4063 909 2513 2025 1440 68 2911 613 1301 741 1550 1241
4064 702
4065 167
4066 263
4067 1283
4068 266
4069 1068 1300
4070 755 529
4071 1864 276 62
4072 48
4073 417
4074 216
4075 322
4076 199 673 177
4077 1101 1109 280
4078 1088 1703 1502 1352 328
4079 174
4080 642
4081 453 877
4082 2541 1724 2212 1534 832 629 151 2223
4083 321 993
4084 252 651 1690 2158 573 1955 1216 1081 2062
4085 49 60 1595 1102
4086 294
4087 474 1200 74 220 1957
4088 1230 619 188 900 315 376 122 1492
4089 1549 1313 739
4090 105 1435
4091 1264
4092 1113 758
4093 183 1297 2524
4094 929
4095 243 578 587
4096 326
4097 145 336
4098 795 470
4099 138
4100 214
4101 2814
4102 2033 1618
4103 625 5
4104 699
4105 134
4106 1228 1076 1411 1280
4107 26
4108 2988
4109 9
4110 1151
4111 1044 584 657 148
4112 688
4113 597 770
4114 162 110 120 775 1082 145
4115 1172 2353 896 120
4116 151 717 244
4117 1308 602 134
4118 2403
4119 41
4120 724 1570
4121 1088 157 1103 124
4122 167 1253
4123 124 69 713 534
4124 529
4125 857 557 564 146
4126 25
4127 91
4128 124
4129 251 209
4130 196 622
4131 124 363
4132 50 2167
4133 894 174
4134 1200
4135 313
4136 1313
4137 853
4138 2025 1981 1208 176
4139 39 1772 2551 1389 1271 1213 1889 849
4140 529 226 137
4141 1034
4142 57
4143 96 2115
4144 268
4145 633
4146 646
4147 1482
4148 238
4149 1109 847 1228 2470 758
4150 2046
4151 829 1158
4152 2338 1842
4153 1109
4154 1978
4155 1041 148 1389 2332
4156 199
4157 3565
4158 531
4159 62 964
4160 766 202 499 120 2045
4161 1673 482
4162 2250
4163 975
4164 141
4165 1635
4166 1517 244 1503 1001 1095
4167 987
4168 1210 2458 2858 1383 2451 383 1666 1623 291 1599 1639 2655 2767 2462 1036 174 3068 781 864 683 994 2592 824 971
4169 206
4170 1030 614
4171 275
4172 167
4173 85
4174 635
4175 1555
4176 990 1295
4177 704
4178 183 369
4179 714
4180 1827 657
4181 1241
4182 166 2654 2082 1011
4183 68
4184 1565
4185 767 1220 1047 1231 440 1499 724
4186 82
4187 2193
4188 3202
4189 412
4190 323
4191 2320
4192 7 2250 1586
4193 454 791
4194 266
4195 1458
4196 40
4197 188
4198 729
4199 555
4200 412
4201 1251
4202 495 7
4203 316 92 41
4204 591
4205 343
4206 2430 1543 1305
4207 1137
4208 277
4209 1005 322
4210 2436
4211 2176 719
4212 523 614 45 990
4213 1139
4214 200 812 1517
4215 199
4216 372 350 1199 506
4217 1517
4218 119 62
4219 603 1158 668
4220 1974
4221 1304 509
4222 113 597
4223 721 685 557 2185
4224 339 252
4225 246
4226 611 1354 1363 1423 416 841 45 94 890 1179 1400 583 1834
4227 2133
4228 145
4229 2064
4230 202
4231 1037
4232 597 132
4233 321 945
4234 916 2459
4235 277
4236 814 151
4237 40 242 600 689 1216 743 2079 3177 748
4238 138
4239 87
4240 425
4241 486 64
4242 90 1102
4243 915
4244 754
4245 710
4246 1334
4247 127
4248 921 91
4249 264 2844 1058 474
4250 51
4251 1258 1011
4252 1886 1000 1608 2523
4253 84
4254 2035
4255 489
4256 1408 2
4257 386 400 848 1210
4258 531
4259 975 1693 2353 865
4260 187 1670 682
4261 1290
4262 891
4263 729
4264 60 1041 1476
4265 454
4266 286
4267 78 670 1239 381
4268 1285 45 1308
4269 2061
4270 899 660 117 1313 525 1675
4271 860 714
4272 600
4273 383 501
4274 825
4275 91
4276 2899 474 2079 2439 479 2164 123 486 1486 3188 1222 1731 1163 2968 327 553 1457 2579
4277 97
4278 910 2671 1344 2372 713
4279 800
4280 42 1212 1050
4281 2384
4282 632
4283 181 126
4284 556 608 619 845 2019 2535
4285 1448 562
4286 575 191 1019
4287 126
4288 1073 419
4289 85
4290 1156 277 1069
4291 1439
4292 135
4293 667 2201
4294 1731
4295 1652
4296 1586
4297 1231 755 82
4298 925
4299 62
4300 2231
4301 864 62 1783
4302 127 533 908 212
4303 124
4304 240 937 1537 290 2368 1407 797
4305 121
4306 516
4307 550 1030
4308 275 4
4309 380 265 501
4310 1195
4311 67 146 1345 919 1036 246 544 576 1810
4312 1348
4313 1846
4314 287 788
4315 2847
4316 964
4317 86 394 78 60 3036
4318 209
4319 643
4320 237
4321 3043 825 1368 692
4322 48 820
4323 693
4324 184
4325 244 326
4326 630 555
4327 623 1481 1933 1529
4328 319 1711
4329 358
4330 5
4331 1935
4332 1211 568
4333 715 619
4334 2861 1316 332 1371 520
4335 575 910
4336 22 1815 565
4337 1200
4338 48
4339 357
4340 189
4341 775 577 167
4342 78 1333 500
4343 219 1290 2327 426 735 1131 1594 2116 603 94 488 2225 2633
4344 1404 576 397 1684 1243 1745
4345 559
4346 1157 263
4347 1200
4348 2702
4349 151
4350 541 375
4351 879 1374 482 801 638
4352 2169 1069
4353 125 767 734 1955 534 382 113
4354 54
4355 51 610 1557
4356 37
4357 164
4358 1341
4359 521 890 774
4360 9 596
4361 2470 1075 540
4362 1007 49
4363 1142 1918
4364 23
4365 2223
4366 175 1331
4367 348 130
4368 2249
4369 27
4370 1528 2530
4371 184
4372 57 756 23 2105
4373 586 1022
4374 1365 56 40 168
4375 932
4376 1053 118
4377 1135 788
4378 189 557 1149 850
4379 184 1868
4380 636 1224 1016 495 1144
4381 1156 2322
4382 799
4383 829 1210 399
4384 1275
4385 541 209 2138 1346 100 1133 2139 196 827
4386 947 2107 1695 772 510 15 731 1338
4387 264 44 471 1101 1242
4388 41 2417
4389 657 983 555
4390 503
4391 381
4392 132
4393 1955
4394 92
4395 116
4396 788
4397 104
4398 50
4399 472
4400 2902 431
4401 1158
4402 206
4403 322 479 240 2655
4404 7
4405 738 1016 586 20
4406 483 1063 1177
4407 2467 797 1352 48 1885 1532
4408 515 435
4409 1466
4410 86 1081 248 490 280 2251 104
4411 1150 890
4412 800
4413 1157 1097
4414 147 881
4415 866 13
4416 605 432
4417 1001 372 2153 1383
4418 1524
4419 2021
4420 1846
4421 747 3108 519 799 907
4422 0
4423 127
4424 776 27 590 886 593 133 824 1272 1454 606
4425 153
4426 50
4427 1158
4428 1237
4429 350 92 274
4430 0
4431 766
4432 921 326
4433 199
4434 524
4435 22 170 132
4436 432 596 688
4437 174 13
4438 94
4439 175
4440 90
4441 1535
4442 945
4443 1654
4444 905 1983
4445 911 935 67 259 19
4446 1988 1236 0 2836 1511 300 2334 2369 766 1733
4447 437 219 582 713 1014 1964 1319 2071 2717 466 1306
4448 220 949
4449 858
4450 144 189 259
4451 350 23
4452 359
4453 497 530
4454 104
4455 1683 1528
4456 67 2674 2180
4457 1894 567 1657 209 382
4458 104 537
4459 335 2784
4460 124 577
4461 359
4462 0
4463 537
4464 23
4465 1913 635
4466 1447 411
4467 174
4468 96
4469 1022 856 642 1145
4470 252 1625
4471 1670 171 1274 425 630
4472 671 152 1419 2763 404
4473 434
4474 48
4475 633 2709 847
4476 22 1879
4477 1890 746 2003 2265 692
4478 1475
4479 1341 209 251 1831 189
4480 22
4481 603 1311 2577 3 1339 167 770 1211
4482 896 164
4483 415 52 1852
4484 2138 732
4485 1548
4486 319
4487 1710 1122 1961 1071
4488 516 50 896 1903 179
4489 3 514 1717 931
4490 1396 1137
4491 901
4492 1239
4493 1921
4494 132
4495 1500 2320
4496 1535 1767 214 2479 641
4497 125 38
4498 1237
4499 104
4500 603
4501 741 184 486 1727
4502 45
4503 202
4504 2082 1330 2397
4505 2673 2525 947 1562 425 829
4506 273 587 909
4507 2122 196 1206 518 1374 2420 1414 387 1296 878 2950 564 728
4508 7 27 122
4509 654 928 215 1008 677 631 1468 975 1539 2065 692 2420 489
4510 728 1991
4511 132 205
4512 134
4513 2378 1989
4514 127
4515 434
4516 41 836 127 474 558
4517 1046
4518 1639
4519 1145 1328 127
4520 994 372 263
4521 486 1472
4522 273 1674 259 1025
4523 438 2293 483
4524 1545
4525 1003 234
4526 541
4527 2533
4528 603
4529 104
4530 1648 348 48
4531 1154 895
4532 218
4533 128
4534 335 731 1603 2552
4535 209
4536 2320
4537 40
4538 1183 2066
4539 129
4540 614 17
4541 206
4542 702 2379 605 2388 2973 724 155 255 2763 1199 38
4543 2065
4544 48
4545 714
4546 4
4547 5
4548 263
4549 104
4550 3148
4551 293 1184
4552 64
4553 381
4554 954
4555 609 37 1822
4556 1790
4557 765
4558 2487
4559 138 438 2380
4560 2659 852
4561 392 203 1802 158
4562 60
4563 23
4564 662
4565 390 577
4566 2272
4567 872 14 291 338
4568 120
4569 403
4570 326 518
4571 653 1409
4572 556 973
4573 505
4574 991 1667
4575 1271
4576 2415 1563
4577 290 260 810 277 163 243
4578 1843 1921 1987 891 1897 758 44
4579 373 1913
4580 116
4581 334
4582 661
4583 486
4584 555 879 623 2454
4585 800
4586 352
4587 792
4588 425 1629
4589 470
4590 69 551 160 1158 842
4591 1655 686 350
4592 396 1331 5
4593 1835
4594 50
4595 541 137 423
4596 870
4597 1869 26
4598 5
4599 44 175 130
4600 375 711
4601 264
4602 9
4603 420
4604 665 353 229
4605 726 452
4606 1956 409 1293 1605 60 514
4607 315
4608 1407 419 2435
4609 756 531
4610 1059 1248 864 1346
4611 412
4612 921
4613 444
4614 921 3183
4615 199
4616 148
4617 775
4618 745 128
4619 371 2638
4620 1850 669
4621 352
4622 919
4623 1109
4624 1063
4625 518 505 714 511
4626 392 1383
4627 932
4628 628
4629 124
4630 44 2237
4631 26
4632 35
4633 105 420
4634 632 324 619 936
4635 614
4636 19 1465 45 217
4637 217
4638 203
4639 386 535
4640 20
4641 168
4642 939 457
4643 189 38
4644 128 1272
4645 259
4646 1542 316 560 152 7 2109 1594 945 506
4647 243
4648 719
4649 438 890
4650 392
4651 7
4652 1194 1456 305 3196 1650
4653 105
4654 1098 1660 643 1210
4655 507 593 770
4656 128
4657 720 754 2958 1119 2409 895
4658 1790 857 487
4659 1042
4660 1528 970 990
4661 1091 638
4662 42 466 1101 1339
4663 2046
4664 1700
4665 175 845 237 1628
4666 795
4667 471
4668 1086
4669 975 1523
4670 2368 156
4671 294
4672 510 108 772 806 280 945
4673 677
4674 237 93 558 1081
4675 524
4676 147
4677 866
4678 860
4679 553 324 446 2030
4680 51 2115
4681 580 1352 865 111 420 1714 1218 2705
4682 205
4683 276
4684 2489 3313
4685 1701
4686 657 86
4687 553 1376
4688 732
4689 360
4690 521
4691 775
4692 908
4693 1327
4694 381
4695 1157
4696 37 2829
4697 256
4698 1025 1826
4699 656 636
4700 376
4701 47
4702 1157
4703 921 586 557 556
4704 1256 113 1345
4705 504 1336
4706 308
4707 81 246 43 284 201
4708 168
4709 213
4710 127 621
4711 1586
4712 272
4713 266
4714 1570 878 505 790 1466 343
4715 1913
4716 292
4717 514 399
4718 168
4719 733
4720 454
4721 104
4722 42
4723 104
4724 556 871 273 2535 850 1242 1213 331 2183 375 107
4725 769 908 1408
4726 372
4727 283 1020 1241 305 26 793 2293
4728 922 355 551
4729 127
4730 990
4731 1068 278 876 188 9 600 204
4732 738 647
4733 1447 829
4734 159 1534
4735 1555 99 66 1438
4736 1120 1666
4737 612 1453
4738 1069 117
4739 1038
4740 104
4741 151 905 206
4742 130
4743 559
4744 448 280
4745 183
4746 1072 214 458
4747 134 484 515 748
4748 2113
4749 242 2380 179
4750 197
4751 1792
4752 846
4753 33 1211 1594
4754 823
4755 819
4756 509
4757 876
4758 104
4759 113
4760 661
4761 1624
4762 51
4763 1145
4764 1092 1278 30
4765 2438
4766 1276
4767 2771
4768 1306
4769 266
4770 1061 127 1346 285 1577 1075
4771 177
4772 327 15
4773 917 577
4774 869
4775 383
4776 60
4777 2144
4778 216 1922 693
4779 229 51
4780 1542
4781 1497 714
4782 970
4783 2269 559 1236 1364 230
4784 1488 75 448
4785 765 129 1592 776
4786 2133
4787 663 808 1230 1053
4788 1439 255 110
4789 1974 280 1232 3090
4790 259 1674 1242
4791 15
4792 291 255
4793 932 1545
4794 2577 383
4795 188 1633 663 1106
4796 1772
4797 22 644
4798 1566
4799 491 52 1217
4800 211 264
4801 2802 631 1744 2039 2038 1303 86
4802 908
4803 1170
4804 134
4805 504 86
4806 2472
4807 146 1013 642 935 2212 2392 57 3647 1963 566
4808 1211 1612
4809 988 1259
4810 629
4811 955 3686
4812 386 396
4813 44 642
4814 447 383 767
4815 2180 185 1803 2475
4816 9
4817 22
4818 983 605 308 2426 2112 1570
4819 96
4820 126 1230 2481
4821 533
4822 1218 525 2599 209 1528
4823 720 171 84
4824 92
4825 714 94
4826 46
4827 814
4828 1198 541 1903 316
4829 788 119
4830 2091 1672 45
4831 1145 527
4832 69
4833 221 532 71
4834 390
4835 2800
4836 2895 556 1004 1397
4837 520
4838 814
4839 280
4840 60
4841 415
4842 1764 101
4843 39
4844 1979 1773
4845 635
4846 756
4847 1381
4848 2005 305
4849 236
4850 788
4851 1477 2495 719
4852 348
4853 101 794
4854 221 1075 133
4855 1537
4856 189
4857 553 40
4858 1061
4859 298
4860 1157 3274
4861 321
4862 1586
4863 922
4864 867 595 766
4865 637
4866 363 1158 573 505 2200 200 243
4867 630 1118
4868 628 177 247
4869 825 631
4870 327
4871 171
4872 60
4873 1195
4874 23
4875 280
4876 923
4877 352
4878 1019 794 209 1078 1639
4879 113
4880 219
4881 1517 1351 1003
4882 649
4883 78 431 150 792
4884 851
4885 69 989
4886 715 312 593 521 2322
4887 44 1231 863
4888 47 480 209
4889 453 377
4890 116
4891 662 214
4892 994
4893 186
4894 92
4895 1330
4896 1300 610 2016 84
4897 317 1299 1535
4898 231 676 221
4899 1691
4900 22 755
4901 622 731
4902 51
4903 1940 1075 684 364 759
4904 184
4905 1529 891 210
4906 1532 1539
4907 29 4
4908 2269 1185
4909 2139
4910 1968
4911 2245
4912 2514
4913 1258
4914 92 188
4915 541 412
4916 1644 585 45
4917 1135 1295 603
4918 13
4919 665
4920 96 2600 26
4921 669 183
4922 1056
4923 105
4924 381
4925 1432
4926 647 520
4927 494 1605 275 2625
4928 1847
4929 690
4930 134
4931 643 1273 911 509
4932 1339 352 323 466
4933 2500 2645
4934 48
4935 149
4936 490 62 732
4937 1108
4938 1315 7
4939 168 711 1581
4940 38
4941 1290 1655 1447
4942 2727
4943 22
4944 1298 135
4945 303 13 884
4946 213
4947 353 156 1264 559 336 110
4948 168
4949 661 769 1451 600 629
4950 116 531 973 167
4951 244
4952 528 523 474
4953 709 134
4954 685
4955 205 1111 3
4956 1280 7 284 1423 1073 2474 520 1364
4957 1118 326 1027 376 774
4958 1654 701
4959 795
4960 72 2139
4961 12 950 1067
4962 40 982
4963 1637 171 2503 104 493
4964 184 783
4965 615
4966 460 128
4967 994
4968 2306
4969 420
4970 203
4971 605 1133 611 214
4972 1158 842
4973 397
4974 322 1265
4975 633
4976 198 251
4977 1291
4978 14 112 1003 105 97 22 604 1300 1082
4979 1209 1115 1069
4980 803 321 665 829
4981 594
4982 40 134
4983 61 2066 47
4984 146 352
4985 44
4986 156
4987 2618
4988 259
4989 1651
4990 1322
4991 880
4992 50
4993 155 1063
4994 1959 551 283 189
4995 664
4996 41
4997 40
4998 723
4999 117 251 857 359
5000 1946 1060 514
5001 396 1253 538
5002 1047
5003 2025
5004 1168 1649 12 275 328
5005 17
5006 5
5007 1983 1248 909
5008 76
5009 236
5010 127 847 266 120 1256 133
5011 203
5012 104
5013 3087 1730
5014 1495 290 799 741 206 193 1409
5015 453
5016 199
5017 1619 985 337
5018 186 1535
5019 1095 1500
5020 1347 922
5021 546
5022 1742 1417
5023 562
5024 2011 2516
5025 213 1340 1531 739 2109 1095 661 117 1642
5026 273
5027 531
5028 894 605
5029 881
5030 334
5031 701 537
5032 726
5033 854 23
5034 1363 210 971
5035 501
5036 62 50
5037 41 237 664
5038 2735 955 348 2014
5039 714 1535
5040 1298 385
5041 1168 168 124 958
5042 881
5043 82 2540
5044 1348
5045 151 438 755 201 1887 416 1419 113 1689
5046 662 20 729 512
5047 2038
5048 1262 820
5049 400
5050 2160
5051 1930
5052 1166 209 1439
5053 13 142 424 104 547 1962 665 202
5054 116
5055 743 738
5056 374
5057 960
5058 91 887
5059 609
5060 1339 1607 1058
5061 1496
5062 729 469
5063 1241
5064 1094 465 45
5065 60
5066 64
5067 2011
5068 0
5069 383 382 1716 767 603
5070 433
5071 1007
5072 1283
5073 1953 975 202 199 800 1625 1566 2772
5074 1270
5075 88 74
5076 132 1625 1308 373 482
5077 124
5078 1145
5079 1842
5080 89
5081 964 694 1448
5082 1957 1049 520
5083 1500 1695 1091
5084 1838 170 202
5085 273 594
5086 1955 55 213
5087 420
5088 726
5089 1281 43 1712 104 359
5090 123 1415 767 51
5091 1256
5092 194
5093 611
5094 486
5095 1644 960 424
5096 0 933
5097 96 901
5098 1276 32 836
5099 1650 433 2570 45 1542 112 1256 1477 294
5100 1579
5101 64 1181
5102 1889 357 1726 1431
5103 327
5104 1927
5105 62
5106 2305 1064 64 1007 53 625 343
5107 2425 176 82 350
5108 901 511
5109 839
5110 1543 109 1277 1995 118 1756 2525 1402
5111 1560 1855 980 1465
5112 441 2552 1824 142 153 586
5113 472 77
5114 281
5115 315
5116 48
5117 74 2427
5118 426
5119 78 919
5120 113 89
5121 116
5122 2659 2351
5123 1456 1533 33
5124 1452
5125 1344 129
5126 77
5127 2233
5128 998 399
5129 44
5130 1436 164 1711 353
5131 337
5132 1188
5133 78
5134 715
5135 1309 439 10
5136 1580 195
5137 720 1157
5138 2091 1417
5139 433 1593 613 325
5140 775
5141 1168 884 1545 5
5142 335 211
5143 259
5144 901
5145 3389
5146 90
5147 669 462
5148 1456
5149 663
5150 974 499
5151 556
5152 76 417 63 177 1326
5153 38
5154 1170
5155 1347 392 806 186
5156 1195
5157 846 1087 550
5158 1137
5159 104
5160 2555 64 148 1082
5161 78
5162 221 466 960 973 371
5163 38
5164 275
5165 611 1453
5166 38 673
5167 335
5168 167 164
5169 104
5170 1154
5171 1109 326 55 1492 382
5172 189 160
5173 2561
5174 533
5175 44
5176 415
5177 585 642 608
5178 2893
5179 2231 26
5180 64
5181 1770 487 1216 1200
5182 1067
5183 2275 33 232
5184 39 1367 1058
5185 662
5186 104 998
5187 627
5188 770
5189 588
5190 369
5191 215
5192 897 1159 217
5193 167
5194 1512
5195 352
5196 1507 208
5197 1118 2959 44
5198 13
5199 1451
5200 892 597
5201 44
5202 197
5203 1894
5204 225 531 921 126
5205 213
5206 207
5207 931 1184
5208 85 68
5209 78
5210 105 1042
5211 611
5212 1313
5213 105
5214 9
5215 697
5216 467 345
5217 754
5218 1939 2139
5219 147 263 51 549 1551 40 264 2094
5220 728
5221 1020 21 2585 1962
5222 495 788 2670
5223 935
5224 263 737 60
5225 109
5226 737 64
5227 283
5228 1846
5229 714 40
5230 4
5231 137 16
5232 831 376
5233 281 353 486
5234 273
5235 151 1323
5236 195
5237 2526
5238 186 2066 716
5239 803
5240 221
5241 98 474
5242 775
5243 58
5244 2334
5245 315 541
5246 908
5247 452
5248 130 1312 1213 1433
5249 600 2189 53
5250 1650 633
5251 1545
5252 127 905
5253 146
5254 1496 1145
5255 681 890 283 1348 934 920 117 1352 1339
5256 1639
5257 348
5258 392
5259 669 392 121
5260 124 681
5261 656
5262 64 62
5263 263 614
5264 1292 19 834
5265 104
5266 237
5267 880 32 177 423 803
5268 2091 128 2959 259
5269 160 555
5270 1194 766 546 509 1503
5271 244 38
5272 1631 1704 698 1847
5273 96
5274 944
5275 1145
5276 1501 123 272 573
5277 189 112
5278 437
5279 499
5280 1383 923 695
5281 828 1341 1000
5282 1089 86 1179
5283 197
5284 1347
5285 890 1566
5286 277 15 424
5287 707
5288 2243 164 1552 596 216
5289 1023
5290 719
5291 1299
5292 129
5293 1535 1723
5294 1093
5295 38
5296 48
5297 748
5298 493
5299 1039 633 237
5300 16 1846
5301 3424 134 149
5302 1042
5303 406
5304 1843 85 631
5305 1250 386 907 144 1488 1407 1066
5306 113
5307 209
5308 368
5309 338
5310 1253
5311 1259 1635 20 5 685 949 993 390
5312 405
5313 203
5314 305
5315 938
5316 1488 358 51 79 803 2954
5317 145
5318 1075 1188 1115 465
5319 32
5320 386 703 381
5321 2288 603
5322 121 132 512
5323 541 894
5324 1261
5325 2030 502
5326 717 807
5327 2033
5328 53 2400 919 694 681 1397
5329 312
5330 134
5331 870
5332 16 960 1896 2400 283 2272 1791 862 1583
5333 381
5334 2222 1235
5335 895
5336 252 1630
5337 980 1241
5338 519 119
5339 1755 821 1407
5340 669 22
5341 416 90
5342 68
5343 908 56
5344 1670 843 300 1011
5345 467
5346 2204 1165 808
5347 1841
5348 1584 1038 2765
5349 2332 99 682
5350 113
5351 1448 1113 596
5352 96 438
5353 1711
5354 0 64
5355 1589
5356 1691
5357 719
5358 748 1350 501 155 369 468
5359 38
5360 158 669
5361 3215
5362 163
5363 1271 133 1748 711
5364 269 93 1150
5365 2344 38
5366 195 1429 702 971 98 611 2378 1173 435 1016 112 1950
5367 322
5368 1915 145 156
5369 1168
5370 1466 861 594 95
5371 433
5372 740
5373 382
5374 323
5375 994 773 1437
5376 152
5377 2767 1418
5378 38
5379 104
5380 19
5381 68
5382 635
5383 1241
5384 322
5385 939 775
5386 115 1003 290 1231 2020 1474 517 210
5387 186
5388 974 655
5389 246 1371 124
5390 1145
5391 437
5392 1182 2197 660
5393 305 1639 283 72 1131 1654 336 1188 648
5394 400 27
5395 38
5396 441 1203 237 246
5397 263
5398 1168
5399 326
5400 608 51
5401 643
5402 251 126
5403 662 982 33
5404 116 894
5405 412 505
5406 685
5407 767 35
5408 2847
5409 685
5410 2
5411 497 118 796
5412 97 1158 1673
5413 635
5414 547
5415 104
5416 130
5417 1405 64 861
5418 2002
5419 1523 2278
5420 865
5421 771 1756
5422 1071
5423 184 580
5424 334
5425 16 765 127
5426 1456
5427 908 317 895 2608
5428 260 381
5429 2324 37
5430 39
5431 105 617
5432 2468 1559 2067 151 921 2373 2198 1577
5433 2569 1198 1423
5434 119
5435 255
5436 48 758
5437 104
5438 1634
5439 955
5440 555 570
5441 597
5442 605 2212 767 26
5443 2057
5444 217 558
5445 1106 47
5446 2659 2069
5447 669 2415 1517 902
5448 1228 719
5449 615 7 15 13
5450 246
5451 295 587 843
5452 85 338 107
5453 47
5454 935 195
5455 40
5456 862 171
5457 797 143 2033 419
5458 1066 760
5459 171
5460 269
5461 790
5462 1999 714 560
5463 116 128
5464 315
5465 291 229 1977
5466 1619
5467 136 514 1109 128
5468 465 122
5469 2716 1008
5470 573
5471 1447 713 2501 765
5472 528 699
5473 22
5474 1185 1387 1499 491
5475 256
5476 127
5477 335
5478 186 177
5479 1098 420
5480 1145
5481 822 2416 657 448
5482 1165 1891 34
5483 861
5484 238 643
5485 982
5486 717
5487 672 280 669
5488 717
5489 390 188
5490 51 1194 690
5491 1280 117 911 119
5492 67 36 474 793 139 358
5493 718
5494 2057
5495 1136
5496 156 1101
5497 382
5498 164
5499 417
5500 188 659 13 397 1459 183
5501 1101 664
5502 127
5503 1835 2409 1475 94 92 945
5504 8
5505 573
5506 779
5507 354
5508 2680 108
5509 381
5510 159 427 1738 1998 1967 231 564 2
5511 1439 2665 566
5512 39
5513 942
5514 2951
5515 129 1185
5516 1158 1622 795 3160
5517 683 574
5518 633 1499 684 591
5519 2039 173
5520 520
5521 262 226 1106 1033 479 745
5522 1001 217 1906 704
5523 1314 923
5524 1084
5525 1973 2105 1286
5526 195
5527 1447
5528 420
5529 1998 2604 715 930 160 2670 729
5530 199 150
5531 163 68
5532 44
5533 1829
5534 71 1923
5535 1938 1211 672 734 1014 2212 907
5536 2805
5537 847 1303
5538 1344 530 256 1461 11
5539 62
5540 2708
5541 945
5542 130 113 376 980
5543 435
5544 259 2630
5545 3370
5546 1442 179
5547 226 815
5548 38
5549 420 1019 664 59 137 210 697
5550 2236
5551 2108
5552 59 2250 1553
5553 432 1259
5554 767 954 431 1850 1979 3144
5555 299 207 664
5556 662 22
5557 381 2961 1822
5558 128
5559 151
5560 149 1845 460
5561 264
5562 226
5563 2223
5564 493 788
5565 480 23
5566 521 1431 108 47 1561
5567 2650 678 209 78
5568 553 1088 290
5569 844 148 319 139
5570 2230 411
5571 184
5572 2745 1131
5573 2688 1149
5574 1404 398 1744
5575 644 843 533
5576 112
5577 505
5578 128
5579 1406 1439 522 274 1297
5580 64
5581 1542 156
5582 2139 217
5583 184
5584 736 110 216
5585 104
5586 877
5587 665
5588 22
5589 42
5590 51
5591 15 603
5592 294 798
5593 1299 338
5594 947 401 1664
5595 1235 139
5596 301 2949 1464
5597 1593 1149
5598 469 571 1770
5599 123 1185 825
5600 2585
5601 26
5602 208 425
5603 213 720 218
5604 2370 2158 1316 414 487 1021 120 1772
5605 1256
5606 788 1803
5607 92
5608 1130
5609 244
5610 1474
5611 512
5612 637
5613 258 748 213 1014 2426 791 283 1413 2032
5614 72 776 2990 702
5615 7 565
5616 783
5617 186
5618 228
5619 419 868 78
5620 2219 715 877 283 1992
5621 1071
5622 798 7 1210
5623 468 92
5624 128 262
5625 189 48
5626 2200 2565 757 1176 334 168 720 1723 733
5627 124
5628 434
5629 33 276 1517
5630 861
5631 104
5632 277
5633 606 335 1184
5634 202
5635 64 651 2343 396 941 167 1302 2927 371
5636 67
5637 324 1062
5638 1099
5639 931
5640 264 983
5641 1093
5642 994 2034 2141 1005 421 541 322 59 1941 2264 1637
5643 113
5644 2286 3082 464
5645 1016 213
5646 530 205
5647 148 797
5648 151 221
5649 1090 5 387 2192
5650 588
5651 3370 505
5652 3183 106 385
5653 504 202 1105
5654 2200 521
5655 105
5656 240 471
5657 2951 2090
5658 156 312 1334
5659 1145
5660 603 218
5661 78
5662 417 255 1014
5663 420 350 486
5664 1115
5665 5
5666 716 412 823 2095
5667 386
5668 400
5669 1141
5670 711 179
5671 69
5672 960
5673 48
5674 2338 520 2158 2093 2708 1210
5675 331 745
5676 2126 200 2264
5677 1177 1492
5678 122 151
5679 474 1545
5680 499
5681 133 1300 786 168 1650 293 66
5682 910 3196
5683 388 671 60 767 1351
5684 315
5685 229 984 1921 1475 40 1655
5686 1080
5687 1590
5688 35 464 530 411 416
5689 162
5690 2197 1298
5691 866
5692 275
5693 134
5694 865
5695 171
5696 644
5697 1411 1474 1027 1038
5698 2017 1136 1248
5699 38
5700 352 205
5701 353 435
5702 1824
5703 420
5704 620 1526
5705 919 390
5706 272
5707 896
5708 5 132
5709 432
5710 374
5711 382
5712 1801
5713 99
5714 1228
5715 1856 64 714
5716 339 255 638 425
5717 59 686
5718 402
5719 264 117 186 565
5720 104
5721 141 529 1105 26
5722 210 558 50
5723 199
5724 1200
5725 1061 62
5726 1855
5727 583 1363 127 734
5728 2386
5729 315
5730 48
5731 655
5732 716 98
5733 743 280 585
5734 2851
5735 693 244
5736 333
5737 2175 1764 3011 1723 482 376
5738 51
5739 1014
5740 209
5741 2220
5742 629
5743 979 692 2198 1706 721
5744 587
5745 84
5746 119 411 762 2154 505 482
5747 810
5748 905 986 1145 1583 415
5749 1080 960
5750 243
5751 1761 303
5752 990
5753 132 656 765 593
5754 1497 369 1558 315 1032 701
5755 256
5756 1130 766
5757 729 2083
5758 647 542 507 354 754 244
5759 176
5760 2596 1152 865
5761 389 50 1852
5762 2705 42 902 290 120 63 134
5763 648
5764 678 189 1439
5765 123
5766 758 921 1066 168
5767 1098
5768 305 67
5769 695 1649
5770 537 646 1862
5771 48
5772 327
5773 186
5774 2537 1786
5775 968 256
5776 1072 558
5777 1000
5778 1011 755 125 1194
5779 319 79 550
5780 1546
5781 19 180
5782 24
5783 501
5784 800 1526
5785 1158 131 2679 790
5786 1933 717 1433 11 1604
5787 1205 786 315 1203 60 188 1202 528 189
5788 1093
5789 51
5790 359
5791 2133 1039 733
5792 404
5793 179 1348 14
5794 2828 273 189 1858 880 1139 797 1274 1106 1295 1764 1677 480
5795 429
5796 268 919
5797 175 214
5798 897
5799 877
5800 64 1558
5801 617
5802 769
5803 766
5804 390 1467
5805 2038 2128 421
5806 537
5807 2035
5808 535 1301 814
5809 1545
5810 828 769 661 701
5811 44 385 656 2939 2551 1592 1038 2232 1780
5812 231
5813 539
5814 68
5815 488
5816 278
5817 1614
5818 153
5819 1466
5820 3252
5821 1041
5822 132 2483
5823 968 90 603 1586 673 433
5824 524 2134
5825 896 29 189
5826 168 110
5827 1200
5828 104
5829 266
5830 2555 1529 350 2372 2267 1448 1465 116 105 2382 60 345 2008
5831 134
5832 1558
5833 515
5834 665
5835 29
5836 2962 134 1557 896 527 1173
5837 87 64 2530
5838 127
5839 1313 335 723
5840 893 249 140 1651
5841 2141
5842 369 743 124
5843 104
5844 127 278 1523
5845 733
5846 1137 748 300 1601
5847 2310 629 950 132 1730
5848 1467
5849 1619
5850 390 609
5851 1061 1299 716 498
5852 132 399
5853 125 1325 134 2054 79
5854 2250
5855 264
5856 124 587
5857 514 1761
5858 156
5859 356
5860 565 433
5861 1398 33
5862 273
5863 44
5864 775 1209
5865 96
5866 550
5867 115
5868 73
5869 186
5870 238
5871 213 1066 1970
5872 57
5873 2871 1714 1555
5874 21 218
5875 669
5876 994
5877 2896 1939 1299 862 2362 666
5878 202
5879 266 865 2225 1824 107 1130 1373 440
5880 123 1850 1380
5881 714
5882 919
5883 319
5884 474 843
5885 1978 1475 799 178 2234
5886 1109
5887 37 176 111 1467 1685 896 836
5888 159 623
5889 1467 361 565 711
5890 1855
5891 396 599
5892 769 698
5893 753 1608
5894 1011
5895 687 621 1135
5896 933
5897 64
5898 1331
5899 42 486
5900 1145
5901 153
5902 420
5903 184
5904 676 1119
5905 1211 1149
5906 321
5907 144 586 775
5908 79
5909 1612 371
5910 1075 132
5911 730 529
5912 38
5913 255
5914 745 130 1198
5915 346 1467 486 1237 1679 2874 1474 946
5916 88 1628 432
5917 22
5918 291
5919 283 625
5920 128
5921 392 275 1298
5922 1271
5923 1665 762
5924 2719 681
5925 186
5926 355 275 360
5927 38
5928 82 325
5929 19
5930 206
5931 195
5932 50
5933 2057
5934 221
5935 51
5936 798 424
5937 3320 1459
5938 383 136
5939 800
5940 817
5941 1448 273
5942 396
5943 2648
5944 766
5945 48
5946 980 702
5947 420 2232 1789 2702
5948 998 269
5949 1270 259 529 125 1576
5950 662
5951 1237 82
5952 1842
5953 730 140 1553 1734 1823 635 1341 1331 1041 46
5954 698 502 576 356
5955 438 1667 189
5956 5 246 630
5957 199 1072
5958 345
5959 788 2103
5960 917 1350 202 1665
5961 1158
5962 857 1228
5963 1843 678 1203 1617 64 1242
5964 0
5965 506
5966 454
5967 392
5968 814
5969 619
5970 153 814
5971 424 792 1157 767 465
5972 132
5973 96 223 314
5974 612
5975 23 593
5976 861
5977 2869 153 1133 1468
5978 171
5979 588 1278 170
5980 1313 175 2071
5981 23 216
5982 748
5983 217
5984 1065
5985 2030 82
5986 699
5987 183
5988 505
5989 217 204 486
5990 424
5991 94
5992 121
5993 1251
5994 1316 311
5995 1675 717 2058 1158 340 196
5996 155
5997 127 266
5998 2091
5999 1046 701 1851 1298 10 1691
6000 240 1158 64
6001 3043 681 121 2497
6002 366 27 525
6003 558
6004 192
6005 437 741
6006 1472 754 1102 980
6007 738
6008 58
6009 2846 1331 277 58
6010 719 84
6011 16
6012 1073 567
6013 209 45
6014 580
6015 320 186 856 2601 661 1475 475 2299 435 1917
6016 679
6017 62 589
6018 188
6019 766
6020 177 775
6021 2510
6022 895 1939
6023 363
6024 2355 657 126
6025 322
6026 151
6027 300
6028 1462
6029 1168 1066
6030 151
6031 1730 394
6032 209
6033 657
6034 793 113 452
6035 1092 2861 495 213 1528 1724 283 1489 2072
6036 1619 1261 63
6037 1509
6038 1795 426
6039 604 1019 321 1551
